37, 79, 31, 43, 48, 49, 9, 70, 37, 65
70, 85, 71, 50, 27, 82, 2, 58, 10, 85
90, 47, 97, 25, 93, 24, 63
51, 41, 83, 25, 41, 25, 54, 32
63, 80, 97, 51, 77, 24, 65, 29, 44
47, 18, 24, 82, 24, 62, 17, 60, 83, 39
89, 10, 13, 4, 81, 58, 98, 82, 24, 25
76, 8, 1, 49, 20, 61, 20, 72
68, 23, 94, 34, 77, 69, 72, 30, 59
30, 1, 25, 37, 51, 64, 44, 69, 7, 29
44, 63, 42, 94, 65, 76, 87
75, 61, 70, 82, 48, 70, 0, 11
41, 63, 72, 34, 68, 81, 62, 42, 2, 42
90, 45, 55, 46, 15, 42, 60, 85, 17
36, 94, 56, 61, 43, 77, 94
97, 38, 25, 19, 71, 80, 33
96, 15, 81, 36, 19, 75, 16
46, 25, 14, 37, 80, 70, 84, 92, 87, 33
71, 95, 60, 63, 37, 39, 79, 22, 7
21, 0, 35, 10, 80, 40, 78, 30, 35, 76
66, 58, 77, 0, 20, 5, 7, 83
14, 43, 33, 60, 41, 1, 98, 27
36, 51, 65, 90, 28, 70, 30, 10, 24, 47
27, 76, 96, 92, 90, 25, 52, 61, 92
39, 68, 13, 88, 57, 15, 81, 88, 31, 6
66, 88, 29, 35, 0, 9, 65, 97, 58
82, 19, 63, 10, 92, 1, 91, 97
0, 0, 47, 28, 16, 47, 14, 87
22, 54, 6, 67, 4, 98, 44
13, 56, 73, 95, 90, 60, 37, 67, 89, 30
25, 58, 82, 87, 31, 56, 51, 92, 33, 41
94, 57, 64, 98, 26, 77, 7, 60
11, 73, 16, 92, 95, 22, 18
59, 95, 18, 26, 19, 19, 32, 27, 12
84, 2, 2, 58, 18, 77, 93
43, 0, 1, 71, 88, 25, 72, 40, 31, 90
78, 20, 14, 65, 93, 29, 10, 72, 34
66, 48, 92, 11, 94, 74, 36
14, 8, 87, 13, 50, 83, 71, 4, 3
58, 46, 38, 80, 34, 45, 48
8, 73, 40, 56, 39, 43, 38, 34, 79
12, 5, 67, 39, 22, 33, 30, 29
3, 47, 98, 22, 16, 44, 26, 92
9, 86, 80, 74, 84, 87, 54, 99, 4, 93
72, 41, 97, 40, 30, 69, 44, 79, 45
86, 56, 13, 83, 86, 7, 22, 41, 24, 48
16, 19, 72, 77, 62, 27, 2, 27, 34, 14
39, 51, 46, 38, 92, 5, 33, 5
80, 80, 11, 52, 39, 87, 82
61, 35, 42, 25, 97, 17, 9, 18, 45
41, 37, 30, 37, 40, 61, 43, 76, 28
25, 93, 12, 75, 9, 89, 3, 58
50, 18, 20, 40, 36, 2, 35, 63, 20
95, 60, 34, 52, 67, 44, 28, 89, 40, 82
19, 29, 56, 62, 39, 99, 62
17, 4, 83, 5, 57, 56, 73, 80
52, 54, 68, 71, 96, 93, 85, 20, 73, 33
90, 76, 8, 2, 21, 23, 87, 2
89, 96, 52, 13, 50, 75, 8, 87
49, 11, 49, 6, 38, 23, 41, 14, 61, 90
64, 77, 8, 68, 26, 25, 11
5, 90, 65, 69, 34, 43, 26, 11, 4
3, 52, 70, 53, 83, 91, 42, 18, 67
67, 14, 19, 22, 18, 45, 18
48, 96, 49, 51, 10, 14, 44
0, 68, 77, 62, 64, 50, 46
10, 33, 4, 57, 69, 17, 83, 12, 92
39, 6, 12, 71, 93, 83, 84, 85, 10
73, 8, 39, 62, 84, 28, 75, 24, 76, 56
9, 38, 68, 3, 14, 11, 34, 2, 13
90, 25, 42, 4, 95, 77, 62, 69, 88
38, 4, 28, 80, 84, 70, 4, 28
71, 21, 45, 25, 14, 17, 27
81, 75, 4, 73, 20, 80, 5, 47, 83
48, 15, 40, 2, 54, 18, 55, 63
67, 38, 19, 56, 9, 63, 70, 75, 90, 85
43, 29, 30, 99, 41, 93, 88, 48, 19, 66
24, 5, 70, 24, 18, 31, 81
87, 77, 64, 0, 59, 9, 27, 73, 36
47, 14, 17, 20, 51, 41, 88
68, 63, 79, 41, 47, 83, 37, 69
15, 97, 44, 13, 5, 88, 16, 64, 28, 1
42, 39, 19, 22, 28, 53, 46
12, 58, 73, 59, 3, 10, 5, 39
94, 0, 11, 7, 70, 15, 8, 23
2, 53, 4, 32, 75, 92, 91, 19, 9
86, 24, 59, 6, 56, 36, 87
60, 1, 34, 39, 40, 40, 81, 83
86, 98, 53, 7, 79, 64, 76, 71, 86
76, 43, 37, 33, 39, 10, 71, 42
25, 59, 49, 24, 94, 7, 59, 59
89, 37, 1, 41, 71, 38, 27
60, 46, 39, 9, 55, 25, 50
91, 51, 80, 8, 49, 8, 82, 90, 66
29, 25, 41, 66, 4, 99, 20, 21
7, 66, 35, 16, 72, 59, 66, 25
69, 13, 78, 85, 26, 61, 58, 74
42, 16, 41, 61, 73, 94, 74, 66, 54, 92
86, 60, 65, 32, 67, 7, 10, 10, 41
12, 42, 91, 16, 99, 71, 25, 39, 0
1, 41, 83, 63, 24, 63, 67, 81, 24, 56
96, 12, 71, 13, 75, 95, 87, 40, 28
29, 41, 25, 97, 51, 6, 43
69, 9, 28, 62, 20, 97, 64, 71, 98, 18
66, 57, 83, 28, 0, 45, 9, 10
10, 40, 2, 97, 90, 54, 63, 95
23, 63, 25, 51, 43, 77, 56, 32
28, 82, 78, 36, 33, 71, 16, 31, 72, 65
28, 32, 67, 76, 20, 53, 38, 89, 25, 82
96, 13, 57, 97, 74, 93, 68, 97, 49, 98
20, 77, 43, 98, 19, 39, 16
3, 44, 99, 27, 88, 65, 80, 8, 35
35, 6, 66, 94, 9, 66, 61, 68, 3, 40
10, 36, 14, 75, 53, 58, 42, 74
8, 53, 82, 27, 67, 51, 46, 38
76, 75, 60, 20, 81, 33, 6, 93, 62
86, 94, 56, 32, 41, 38, 38, 35, 98, 0
7, 9, 28, 73, 89, 77, 17, 34, 74, 81
34, 51, 65, 24, 1, 28, 3, 44
39, 99, 32, 85, 93, 74, 84
44, 9, 52, 69, 58, 80, 91
33, 4, 83, 83, 28, 54, 11, 19, 9
9, 46, 42, 77, 25, 25, 35
24, 78, 66, 33, 82, 70, 33
89, 33, 15, 16, 21, 18, 31, 24
88, 46, 16, 0, 91, 27, 78, 44
99, 84, 27, 10, 53, 85, 84
71, 34, 92, 85, 98, 13, 8, 47, 26
19, 64, 87, 77, 82, 34, 28, 76, 6
71, 84, 3, 33, 57, 97, 54, 83, 90, 75
24, 66, 8, 97, 4, 70, 98, 47, 96, 51
75, 89, 3, 59, 85, 90, 79, 70, 29, 21
14, 78, 88, 49, 61, 57, 48
54, 74, 93, 18, 88, 13, 61, 75
32, 52, 99, 54, 14, 38, 54, 12, 35, 17
72, 25, 53, 97, 54, 85, 22
76, 77, 31, 93, 43, 88, 39, 28, 39
41, 11, 62, 79, 41, 49, 50
9, 28, 51, 76, 65, 54, 14, 35
88, 70, 64, 99, 3, 75, 11, 97
27, 2, 25, 17, 96, 51, 42, 55, 57
14, 82, 84, 15, 47, 99, 63, 75
52, 82, 62, 97, 82, 88, 95, 83, 94, 9
93, 30, 43, 56, 83, 28, 97, 55, 66, 54
82, 74, 89, 73, 91, 53, 85, 85, 0
55, 83, 1, 28, 37, 28, 40, 88, 73
73, 77, 30, 29, 69, 36, 67, 99
93, 55, 44, 92, 26, 50, 85, 88
65, 16, 6, 46, 18, 59, 37, 82
40, 62, 37, 83, 76, 4, 45, 27
52, 85, 11, 11, 59, 76, 38, 91, 33
9, 45, 41, 53, 4, 49, 33, 18
7, 88, 18, 74, 22, 78, 51, 96, 36
0, 49, 76, 9, 45, 93, 86, 63
85, 73, 10, 57, 92, 21, 36, 41, 35
52, 92, 70, 41, 91, 85, 44, 51, 26
57, 0, 12, 97, 7, 82, 74, 37
80, 34, 78, 93, 95, 4, 39, 61, 48
40, 6, 68, 68, 94, 61, 8, 14
79, 13, 86, 13, 33, 35, 29, 7, 1, 84
58, 47, 31, 11, 54, 25, 31, 82
3, 26, 22, 86, 32, 32, 47
30, 3, 66, 21, 36, 49, 17, 40, 77, 61
14, 63, 55, 38, 18, 57, 74, 46
2, 75, 12, 52, 49, 63, 79
89, 93, 50, 8, 3, 88, 82, 47, 54
5, 6, 51, 13, 9, 5, 95, 93, 25, 27
81, 62, 25, 60, 7, 83, 94, 54, 81, 90
47, 59, 28, 6, 87, 40, 56, 2
4, 12, 25, 11, 1, 70, 54, 70, 22, 17
23, 45, 95, 60, 89, 47, 29, 59, 16, 19
67, 1, 36, 95, 71, 87, 94, 49, 12
98, 0, 46, 5, 93, 37, 60, 82
41, 99, 4, 80, 57, 39, 22, 46, 57
18, 23, 43, 48, 44, 77, 4, 35, 81, 47
32, 65, 3, 19, 51, 18, 60, 42
12, 1, 12, 29, 84, 65, 49
78, 2, 65, 23, 22, 26, 16, 92, 21
27, 18, 57, 40, 35, 6, 21, 20
15, 96, 21, 23, 23, 92, 25, 47, 3, 84
91, 46, 56, 54, 89, 31, 3, 6, 85
54, 4, 60, 46, 24, 29, 56, 41
46, 15, 49, 61, 41, 19, 80, 17, 84, 43
39, 95, 82, 93, 29, 82, 18, 3, 97, 30
31, 99, 72, 96, 84, 98, 65, 40
46, 84, 28, 28, 41, 25, 51
45, 53, 73, 46, 75, 7, 49, 38, 2, 33
89, 61, 3, 75, 87, 84, 82, 89, 65
3, 76, 14, 85, 43, 63, 99, 7, 62, 89
89, 34, 63, 22, 94, 65, 56
22, 74, 51, 90, 88, 15, 17, 6, 79
94, 57, 23, 88, 12, 65, 69, 52, 89
73, 47, 33, 53, 82, 86, 47, 78
57, 74, 49, 26, 38, 58, 27
93, 43, 58, 48, 68, 92, 82
55, 29, 81, 67, 88, 86, 89
68, 35, 52, 54, 7, 21, 56, 34
83, 32, 35, 53, 33, 8, 54, 84
81, 26, 72, 37, 76, 61, 9, 75
5, 83, 58, 80, 34, 2, 18, 18, 95
23, 81, 8, 35, 84, 64, 26, 35
42, 25, 62, 45, 50, 65, 27
4, 73, 35, 56, 74, 85, 31
40, 89, 36, 90, 33, 18, 13, 15
82, 21, 95, 3, 77, 50, 53, 15, 48
49, 25, 84, 81, 65, 51, 75, 5
94, 80, 75, 98, 32, 92, 65, 21, 44
52, 87, 77, 23, 85, 64, 78, 80
5, 27, 57, 12, 71, 32, 80, 5
86, 34, 17, 74, 73, 18, 57, 5
90, 1, 89, 7, 89, 29, 21, 22
0, 84, 19, 92, 92, 21, 41, 67
68, 90, 66, 65, 29, 19, 95
64, 37, 23, 27, 17, 78, 67, 88
91, 12, 18, 28, 97, 62, 28, 94
64, 49, 27, 75, 58, 85, 95
95, 53, 91, 71, 90, 27, 47, 38, 70
62, 31, 17, 91, 54, 36, 90, 61
62, 43, 74, 73, 73, 73, 28, 3, 76
61, 45, 55, 9, 39, 45, 60, 88, 48, 37
50, 57, 96, 23, 87, 87, 49
60, 86, 72, 27, 98, 64, 13, 86, 63
86, 65, 35, 1, 98, 75, 93, 14, 43
75, 29, 3, 59, 22, 46, 35, 12, 60, 80
28, 78, 31, 65, 18, 99, 82, 89, 7
90, 90, 10, 77, 1, 22, 15, 11, 75
82, 26, 90, 91, 30, 10, 15, 36, 59
10, 94, 51, 93, 95, 30, 63, 99, 1
61, 83, 31, 50, 67, 78, 92, 9, 72, 35
0, 31, 16, 6, 77, 28, 72, 47, 11
87, 70, 63, 11, 67, 7, 72, 42
94, 58, 42, 67, 19, 14, 55
35, 79, 48, 65, 74, 49, 61, 29, 43
43, 73, 29, 2, 31, 80, 94
12, 5, 1, 9, 21, 16, 33, 87, 1, 46
46, 8, 48, 17, 20, 36, 98, 23, 73, 28
92, 17, 4, 92, 64, 11, 1, 16
68, 59, 86, 53, 52, 11, 84
53, 29, 75, 74, 3, 4, 80, 14, 75, 75
57, 61, 15, 40, 89, 89, 2
10, 39, 60, 69, 39, 6, 14, 54
74, 63, 82, 16, 27, 69, 24
78, 64, 72, 60, 66, 40, 31, 61, 36
63, 52, 49, 83, 64, 86, 46
45, 94, 27, 98, 29, 79, 89
15, 21, 14, 62, 48, 37, 18, 77
98, 5, 30, 10, 17, 40, 45
76, 60, 68, 54, 56, 41, 78, 46, 14, 33
82, 87, 22, 81, 44, 52, 26, 10
52, 5, 27, 65, 31, 53, 84, 33, 33, 52
61, 59, 55, 75, 6, 16, 58, 72, 18, 93
5, 65, 12, 36, 35, 84, 63, 64, 5
70, 26, 17, 96, 30, 75, 71, 99
14, 88, 38, 79, 11, 82, 46
82, 27, 2, 40, 74, 37, 89
34, 31, 90, 87, 48, 22, 50, 42, 90
45, 29, 1, 36, 87, 65, 92, 79, 11
56, 67, 29, 46, 37, 21, 49
32, 6, 36, 99, 46, 17, 72, 56, 37
50, 93, 73, 46, 12, 65, 9
80, 93, 21, 11, 29, 79, 52, 33
34, 36, 12, 76, 40, 21, 57, 26, 75, 85
34, 22, 52, 91, 85, 61, 50
3, 8, 32, 7, 96, 9, 9, 55, 71, 17
61, 70, 33, 74, 35, 71, 54, 10, 17
71, 87, 46, 57, 49, 60, 39
12, 35, 58, 23, 27, 15, 67
40, 16, 29, 13, 53, 14, 37, 8, 29
38, 83, 59, 2, 73, 53, 53, 70, 1, 94
69, 99, 26, 46, 48, 33, 76, 68, 57
61, 75, 41, 68, 58, 16, 99, 95, 49, 39
41, 23, 37, 66, 31, 82, 1, 55, 36
7, 14, 48, 47, 98, 84, 53, 27
62, 85, 8, 67, 87, 85, 56, 0, 48
97, 95, 88, 56, 74, 30, 48, 6, 86
64, 51, 82, 51, 90, 42, 71, 95, 51
85, 74, 60, 22, 79, 59, 17, 85, 17, 33
59, 29, 14, 48, 15, 35, 44, 46, 43
93, 40, 3, 43, 97, 59, 33, 0, 72
16, 95, 69, 17, 25, 77, 4, 63, 29
25, 49, 59, 64, 44, 61, 43, 87, 80
93, 34, 97, 68, 54, 15, 34
90, 67, 13, 26, 9, 69, 16, 18, 67, 3
49, 52, 76, 59, 76, 24, 24, 25
45, 6, 71, 34, 88, 52, 80, 45
63, 12, 50, 65, 85, 44, 13
81, 98, 95, 75, 43, 36, 87
55, 79, 8, 30, 7, 63, 83, 98
28, 3, 52, 37, 6, 33, 12
49, 86, 79, 44, 55, 65, 30, 64, 55, 95
3, 5, 42, 34, 67, 88, 29, 78, 22, 3
72, 49, 94, 89, 61, 96, 1, 69, 44, 6
27, 89, 82, 34, 38, 22, 67, 64
62, 38, 72, 29, 47, 22, 65
45, 49, 3, 1, 81, 88, 50
84, 88, 80, 45, 16, 0, 6
44, 52, 68, 99, 33, 91, 80
5, 97, 97, 98, 49, 26, 52, 67
78, 29, 69, 73, 82, 35, 82, 20, 61, 65
81, 11, 99, 88, 80, 86, 13, 13
91, 15, 68, 41, 74, 43, 83, 16, 26, 61
94, 91, 52, 74, 23, 92, 91, 25, 5
24, 1, 98, 0, 70, 8, 52
71, 88, 36, 68, 86, 32, 9
57, 53, 2, 87, 43, 19, 60, 6
76, 69, 10, 61, 23, 58, 33, 28, 72
79, 71, 88, 46, 13, 78, 97, 38, 76, 16
94, 87, 10, 39, 3, 96, 65, 44, 65, 20
6, 43, 32, 70, 26, 19, 48
59, 92, 2, 10, 26, 98, 29
49, 2, 16, 1, 34, 56, 50, 23, 8
7, 87, 30, 46, 61, 88, 82, 34, 85
22, 63, 22, 70, 97, 49, 87
52, 3, 46, 91, 13, 69, 77, 61
70, 30, 71, 94, 36, 14, 1, 39, 43, 70
3, 59, 30, 91, 17, 14, 73, 35
64, 73, 11, 59, 40, 24, 53, 26, 33
80, 87, 13, 57, 8, 32, 39, 23, 32, 68
1, 45, 5, 97, 27, 30, 83
83, 26, 35, 92, 68, 91, 67
53, 77, 5, 33, 47, 81, 48, 85, 73, 41
69, 26, 68, 61, 56, 48, 35, 16
78, 31, 64, 76, 4, 45, 36, 30, 49, 26
22, 54, 3, 72, 58, 60, 28, 57, 39, 1
72, 72, 80, 62, 21, 59, 51
12, 58, 63, 41, 13, 13, 80
89, 14, 52, 61, 5, 1, 53, 77, 9, 97
76, 27, 49, 12, 80, 37, 22, 83, 83, 48
21, 68, 17, 5, 95, 4, 21, 74, 94
92, 71, 14, 18, 78, 1, 19, 61
56, 22, 20, 30, 25, 48, 86
21, 94, 94, 62, 9, 22, 96, 99, 71
11, 27, 76, 87, 10, 99, 31, 87
90, 0, 5, 79, 51, 97, 27, 37
10, 63, 65, 84, 65, 15, 93
63, 15, 53, 49, 52, 47, 44, 61, 63, 55
77, 0, 81, 31, 32, 85, 32
97, 66, 75, 45, 13, 51, 8, 69
32, 31, 14, 53, 68, 96, 50, 30, 7, 79
17, 74, 58, 29, 23, 97, 6
91, 84, 9, 35, 86, 43, 80, 40, 19
17, 13, 55, 51, 47, 97, 23, 52, 45, 42
43, 90, 79, 76, 93, 89, 87, 93, 23, 99
85, 52, 72, 84, 21, 83, 11, 99
72, 36, 70, 38, 11, 10, 75, 89, 97
89, 43, 18, 10, 7, 26, 49, 32, 78
8, 48, 24, 2, 8, 68, 72, 86, 20, 1
56, 56, 83, 4, 14, 3, 9, 85
85, 9, 49, 17, 1, 60, 89, 70
60, 52, 14, 73, 64, 90, 78, 24, 85, 43
95, 85, 27, 14, 18, 64, 94
20, 81, 62, 63, 92, 15, 58, 66, 96
54, 19, 5, 2, 95, 43, 76
73, 83, 82, 49, 36, 48, 84
55, 95, 94, 12, 6, 96, 20, 91, 9, 94
91, 31, 76, 69, 54, 68, 56, 49, 9
86, 16, 14, 2, 89, 75, 79, 97, 80, 69
26, 76, 78, 55, 4, 49, 55, 48, 20
38, 35, 16, 82, 93, 24, 49, 7, 83
62, 27, 54, 15, 49, 44, 87, 56, 34, 40
67, 9, 53, 92, 43, 45, 94, 92, 74
40, 66, 39, 52, 64, 77, 73, 66, 84, 42
21, 0, 57, 58, 50, 79, 85, 33, 85
43, 75, 79, 62, 33, 15, 33
46, 50, 61, 72, 49, 73, 48
82, 12, 51, 26, 2, 78, 10, 54, 53, 3
30, 25, 92, 92, 7, 46, 88, 20
18, 3, 55, 19, 27, 15, 86, 86
53, 39, 99, 68, 17, 26, 28
3, 74, 6, 79, 79, 53, 75, 97
91, 43, 47, 14, 58, 89, 8, 13, 53, 61
62, 3, 92, 13, 99, 10, 46, 52, 56, 78
7, 42, 23, 73, 16, 62, 30, 55, 16, 44
20, 34, 1, 91, 32, 50, 67
67, 48, 44, 68, 44, 89, 68, 17, 86, 98
38, 56, 1, 37, 67, 30, 57, 31, 1, 89
32, 68, 57, 50, 89, 34, 31, 3
93, 63, 81, 99, 11, 24, 20, 15, 76, 61
65, 82, 61, 28, 32, 29, 71, 56, 70
58, 67, 64, 84, 16, 34, 22, 71, 52
84, 47, 43, 39, 0, 99, 33, 50, 50
99, 98, 73, 56, 57, 8, 73, 54, 61, 97
46, 1, 3, 10, 44, 88, 65, 37, 34, 60
33, 18, 66, 54, 82, 77, 20, 52, 26
63, 61, 24, 29, 94, 88, 84, 90
27, 95, 39, 41, 93, 66, 42, 15, 57, 12
40, 9, 9, 82, 86, 35, 57, 7, 0
29, 81, 77, 21, 89, 44, 65
89, 58, 25, 53, 99, 70, 44, 8, 95
41, 47, 54, 23, 49, 34, 43, 96, 15
27, 49, 96, 16, 98, 61, 28
4, 32, 8, 35, 76, 69, 51, 39
39, 61, 36, 40, 75, 11, 12, 19, 85, 17
85, 5, 50, 38, 47, 17, 89, 49, 25, 68
28, 71, 18, 81, 10, 49, 14, 58
14, 42, 6, 7, 9, 19, 66, 87
48, 49, 73, 97, 40, 78, 63
14, 50, 30, 23, 85, 60, 95, 99, 12
94, 20, 69, 36, 61, 5, 37, 26
45, 17, 10, 25, 1, 51, 70, 0
57, 21, 25, 19, 55, 59, 49
64, 6, 11, 54, 24, 18, 27, 5, 31
11, 3, 2, 9, 83, 62, 63, 42, 29, 77
80, 71, 13, 42, 16, 93, 64
74, 87, 46, 15, 24, 76, 26, 17, 92
29, 24, 65, 55, 6, 47, 98, 92
0, 38, 24, 59, 38, 12, 4, 70, 21, 32
37, 55, 40, 4, 34, 63, 68
4, 59, 39, 7, 22, 62, 68, 93, 62, 20
63, 2, 6, 25, 99, 83, 86
35, 21, 42, 92, 23, 27, 65
4, 46, 46, 0, 50, 67, 73, 59, 99
2, 20, 24, 1, 59, 66, 67, 38, 71, 41
34, 73, 61, 26, 50, 96, 34, 62, 46, 5
3, 45, 36, 84, 81, 28, 40, 85, 13, 23
97, 50, 42, 48, 62, 93, 71, 93, 73
28, 51, 52, 72, 14, 56, 1, 52
6, 82, 31, 35, 66, 3, 46, 9, 66
80, 52, 19, 89, 88, 16, 78, 68
22, 55, 3, 74, 84, 20, 20
21, 85, 85, 5, 61, 75, 60, 56, 67
54, 78, 24, 24, 12, 71, 95, 63, 78
33, 95, 66, 14, 44, 44, 82
55, 15, 80, 7, 79, 64, 37, 18, 55
1, 81, 90, 4, 52, 54, 26, 35, 6, 42
96, 35, 44, 54, 64, 59, 37, 60
60, 98, 88, 96, 8, 97, 41, 92, 93, 0
72, 87, 76, 3, 93, 50, 26, 37, 56
51, 83, 26, 12, 27, 95, 88, 93
33, 9, 18, 61, 86, 58, 84, 3
16, 5, 95, 54, 48, 8, 46, 2
17, 59, 20, 59, 59, 18, 44, 46
62, 92, 51, 84, 80, 15, 90
98, 9, 99, 89, 26, 69, 37, 1, 10, 62
27, 0, 56, 45, 17, 85, 99, 6, 93, 41
92, 29, 37, 99, 42, 8, 65, 15, 98, 9
97, 68, 86, 15, 82, 99, 0, 59
34, 73, 77, 30, 61, 78, 22, 67, 30, 52
37, 73, 50, 20, 62, 4, 56
46, 91, 50, 71, 67, 49, 17, 9, 87
38, 56, 88, 46, 55, 37, 4
71, 36, 1, 89, 47, 80, 63, 60, 46, 94
84, 76, 17, 26, 30, 78, 52, 53, 22
81, 12, 16, 57, 45, 39, 20, 63
70, 0, 52, 28, 99, 36, 9, 73
47, 66, 26, 40, 35, 18, 2, 80, 17
6, 54, 34, 85, 89, 50, 81, 72, 82
39, 91, 91, 8, 67, 18, 1, 60, 15, 62
8, 1, 81, 15, 38, 27, 81, 27, 59, 80
44, 48, 4, 59, 26, 23, 62, 24, 77
37, 95, 10, 19, 0, 99, 6, 39
24, 26, 35, 1, 73, 39, 27, 47, 38, 60
14, 64, 3, 56, 60, 12, 67
86, 53, 8, 61, 30, 5, 40, 85, 77, 24
52, 62, 23, 20, 98, 52, 89, 48, 75
40, 87, 31, 89, 18, 14, 43, 60, 43, 24
80, 27, 19, 37, 96, 38, 42, 86
52, 53, 8, 65, 1, 91, 69, 61
43, 19, 44, 29, 33, 10, 38, 46
57, 18, 21, 94, 66, 13, 45
59, 39, 75, 58, 14, 65, 44, 60
38, 65, 49, 77, 98, 73, 41
79, 8, 2, 35, 5, 65, 85, 52, 26
17, 64, 10, 54, 1, 64, 43
96, 29, 19, 59, 17, 14, 5
56, 59, 7, 11, 0, 25, 58, 86, 88
49, 65, 48, 5, 34, 1, 83, 61, 80, 85
45, 92, 41, 73, 24, 94, 27, 1, 53, 99
37, 63, 82, 89, 23, 76, 89, 74, 20, 31
29, 89, 96, 37, 92, 42, 73, 70
3, 82, 73, 27, 17, 63, 32
11, 17, 25, 84, 40, 67, 5
30, 18, 8, 50, 22, 63, 43, 90, 73
89, 34, 98, 99, 38, 3, 54
25, 28, 93, 79, 35, 19, 35, 43
86, 93, 57, 8, 81, 11, 75
1, 90, 24, 65, 23, 83, 86, 46
2, 29, 9, 36, 86, 36, 20, 23, 0
91, 63, 75, 13, 3, 68, 7, 53
95, 85, 43, 53, 77, 26, 14, 4, 62
8, 2, 82, 5, 23, 73, 82
39, 67, 75, 7, 61, 39, 94
11, 44, 3, 95, 94, 4, 83, 20, 41, 55
35, 92, 61, 38, 43, 65, 33, 39, 35, 5
78, 18, 18, 68, 20, 31, 45, 49
75, 76, 88, 35, 10, 34, 17, 36, 83, 94
23, 85, 40, 15, 28, 9, 3, 14, 40
24, 34, 17, 10, 25, 69, 94
27, 25, 58, 72, 11, 19, 71
47, 26, 66, 38, 69, 86, 2, 53, 27, 19
81, 8, 66, 73, 51, 52, 8, 64, 20
15, 73, 22, 78, 49, 26, 26, 16
65, 28, 35, 45, 32, 7, 77
74, 39, 5, 22, 13, 40, 34, 81, 88, 30
96, 19, 57, 5, 67, 61, 81, 81
91, 16, 28, 48, 67, 75, 22, 19, 46
96, 50, 32, 16, 76, 87, 78, 29
75, 94, 97, 69, 88, 90, 36
98, 15, 29, 29, 53, 20, 49, 14
57, 0, 70, 48, 72, 28, 76, 19, 23
58, 45, 61, 14, 72, 60, 56, 54
70, 20, 38, 43, 42, 83, 14, 89
88, 28, 80, 69, 89, 52, 4, 63
67, 54, 18, 98, 48, 5, 92
0, 13, 19, 29, 33, 90, 47, 78, 98
94, 70, 29, 94, 90, 68, 99, 33
20, 39, 63, 37, 60, 63, 42
70, 40, 1, 17, 62, 92, 11
69, 62, 61, 4, 86, 28, 88, 15
86, 45, 82, 48, 55, 86, 97, 39, 72, 86
90, 13, 98, 67, 79, 7, 88
29, 3, 41, 16, 63, 12, 37, 91, 24, 48
88, 57, 41, 14, 11, 60, 5, 9, 32, 13
47, 83, 75, 42, 8, 30, 93, 88
21, 71, 67, 72, 2, 25, 99, 90, 82, 51
52, 7, 46, 94, 40, 34, 42, 12
31, 62, 81, 10, 74, 77, 11, 69
44, 26, 99, 94, 74, 18, 80, 73, 38, 22
94, 24, 33, 46, 33, 8, 77, 60
58, 53, 6, 61, 69, 38, 5, 28, 99
8, 87, 29, 87, 85, 81, 2, 52, 23, 38
67, 41, 12, 85, 99, 77, 67, 22
63, 62, 52, 95, 3, 84, 7, 19
67, 42, 37, 62, 1, 26, 32, 65
71, 55, 62, 48, 33, 99, 85, 26
84, 67, 89, 77, 86, 91, 87, 17
76, 19, 70, 77, 82, 33, 79, 73
16, 45, 0, 30, 26, 58, 72, 18, 77
85, 61, 62, 52, 62, 94, 91, 15, 22, 78
5, 44, 44, 18, 96, 25, 41, 69
28, 80, 85, 9, 9, 34, 4, 52, 64, 8
71, 95, 89, 44, 24, 3, 5, 77, 68
54, 42, 68, 5, 46, 76, 76, 74, 73
81, 37, 10, 5, 6, 48, 91, 98, 10
32, 75, 0, 44, 30, 82, 92, 82
7, 76, 64, 91, 18, 32, 5, 17
35, 52, 67, 36, 44, 40, 47, 65
44, 4, 68, 84, 10, 44, 72, 88
26, 48, 63, 32, 49, 8, 71, 13, 71, 72
2, 60, 0, 12, 56, 51, 50, 68
52, 26, 32, 6, 77, 77, 28, 7
61, 14, 55, 84, 45, 14, 49, 19, 82, 71
16, 57, 85, 39, 94, 3, 50, 93, 21, 47
99, 97, 20, 23, 91, 88, 77, 21
56, 1, 27, 57, 48, 50, 90, 38, 39, 54
43, 81, 61, 41, 72, 34, 38, 93
69, 50, 87, 1, 20, 55, 60, 74
35, 38, 27, 99, 81, 4, 83, 60, 27, 48
62, 8, 29, 89, 15, 18, 98, 29, 7
58, 48, 14, 58, 77, 38, 37
29, 81, 33, 23, 60, 61, 14
61, 83, 27, 60, 10, 88, 90, 39, 40
22, 83, 64, 8, 52, 29, 96, 70
82, 38, 13, 24, 6, 10, 47
73, 22, 16, 92, 99, 3, 53, 37
15, 4, 55, 11, 25, 34, 75, 14, 71, 54
59, 1, 76, 17, 56, 54, 56
50, 4, 83, 44, 62, 34, 61, 92, 0
46, 18, 16, 13, 73, 72, 62, 13
46, 35, 22, 53, 97, 61, 28
55, 24, 84, 55, 13, 65, 65, 47, 73, 26
52, 36, 66, 96, 19, 61, 20, 76, 75, 3
91, 35, 72, 30, 73, 73, 15, 6, 31, 49
3, 86, 96, 10, 36, 78, 12, 77
96, 84, 17, 65, 57, 56, 25
16, 66, 72, 20, 17, 88, 62, 2
81, 94, 81, 6, 87, 39, 24, 41
49, 84, 44, 97, 42, 19, 38, 48, 71, 75
3, 94, 27, 38, 56, 41, 44, 10, 3
79, 58, 12, 79, 77, 88, 7, 93, 15, 71
52, 16, 51, 57, 35, 31, 60, 9
10, 57, 25, 57, 75, 88, 74
67, 81, 11, 92, 14, 80, 28, 57, 12, 42
63, 97, 81, 14, 65, 15, 15, 59, 98
29, 24, 93, 65, 1, 48, 84, 71, 38, 79
11, 88, 85, 53, 99, 57, 4
26, 82, 49, 86, 94, 26, 20, 15, 51
12, 22, 85, 28, 30, 27, 15, 47, 36
1, 81, 28, 30, 99, 94, 2, 27, 5
76, 19, 67, 83, 9, 94, 99, 28
30, 13, 9, 20, 21, 67, 39, 22, 41, 26
34, 64, 72, 86, 96, 61, 6
68, 74, 62, 29, 34, 97, 41
62, 3, 24, 77, 35, 45, 37, 71, 50, 99
15, 74, 33, 90, 12, 8, 97, 4, 58
90, 17, 91, 34, 1, 3, 47, 12
42, 11, 13, 44, 46, 78, 72
83, 42, 7, 73, 30, 11, 28, 54, 32
95, 64, 75, 43, 79, 60, 96, 51, 43, 66
96, 45, 43, 57, 11, 6, 17, 9, 5, 78
89, 56, 69, 3, 93, 57, 81, 25
48, 41, 59, 73, 10, 92, 92, 27, 41, 11
21, 66, 86, 33, 65, 30, 28, 94, 46
98, 31, 46, 64, 23, 56, 79, 78, 67, 27
86, 99, 47, 27, 66, 33, 24
95, 6, 54, 4, 55, 58, 50, 39
32, 44, 43, 14, 70, 49, 86, 89, 28, 65
56, 63, 88, 81, 65, 53, 53, 83, 1, 97
52, 89, 57, 40, 48, 16, 61
50, 90, 68, 79, 40, 94, 2
36, 4, 72, 92, 51, 44, 66, 81
55, 3, 44, 75, 10, 58, 60, 17, 54
4, 44, 41, 11, 2, 82, 96, 88, 99
27, 91, 55, 69, 13, 38, 44
78, 49, 38, 84, 39, 3, 29, 4
1, 19, 38, 78, 91, 55, 46
25, 90, 35, 53, 32, 40, 76, 87
24, 63, 66, 98, 96, 73, 72, 77
73, 14, 99, 7, 75, 7, 95, 55, 80, 97
94, 55, 13, 64, 45, 31, 68
33, 89, 5, 60, 17, 0, 94, 40, 0
90, 35, 86, 68, 21, 97, 10, 73, 39, 34
4, 40, 49, 74, 63, 27, 55, 71, 28, 17
34, 68, 84, 66, 9, 24, 26, 28, 32, 1
23, 30, 36, 66, 98, 99, 5, 61, 87, 17
17, 68, 25, 15, 50, 25, 23, 54
95, 63, 9, 46, 5, 1, 3, 66
57, 4, 48, 95, 1, 79, 71, 64, 87, 38
38, 6, 20, 17, 33, 24, 2, 0, 85
37, 84, 79, 79, 1, 28, 51, 64
1, 85, 2, 68, 69, 8, 75, 99
19, 7, 81, 33, 39, 58, 82, 50, 59
19, 40, 38, 96, 69, 16, 86
43, 65, 36, 4, 14, 62, 75, 84, 6, 71
56, 37, 86, 86, 91, 0, 12, 49, 85, 2
8, 92, 52, 22, 6, 78, 60, 78, 59, 16
14, 55, 80, 74, 67, 58, 3, 5
11, 37, 6, 72, 84, 47, 80, 23, 37
4, 58, 1, 88, 9, 88, 1, 5
32, 40, 85, 31, 38, 78, 48
58, 98, 41, 86, 79, 16, 72, 46, 23, 58
32, 2, 27, 7, 34, 67, 49
60, 31, 8, 76, 7, 99, 2, 27
57, 94, 5, 70, 80, 81, 57, 7, 75
70, 42, 30, 20, 0, 57, 38, 26
85, 12, 43, 39, 55, 92, 22, 40, 24, 31
75, 34, 32, 33, 11, 16, 59
7, 30, 27, 12, 17, 8, 82, 64
88, 40, 12, 26, 6, 77, 93, 48, 60
90, 48, 96, 95, 25, 4, 57, 1, 63, 54
9, 73, 69, 50, 55, 59, 97, 72, 4, 76
32, 87, 32, 79, 31, 4, 55, 26
76, 9, 92, 64, 91, 29, 23
25, 78, 0, 33, 56, 50, 47, 99, 59, 98
71, 85, 84, 35, 52, 3, 66
52, 32, 81, 89, 45, 46, 33, 23, 37, 53
53, 20, 16, 59, 20, 31, 38, 14, 64
60, 89, 13, 85, 87, 27, 26, 47, 69, 58
54, 14, 47, 93, 36, 31, 1, 33, 57
18, 4, 34, 18, 96, 31, 39
26, 79, 38, 86, 11, 72, 1, 51, 25
51, 2, 50, 48, 21, 71, 37, 68, 43
50, 0, 3, 84, 93, 48, 59, 90
41, 41, 52, 10, 70, 75, 53, 79, 60
83, 77, 36, 45, 10, 24, 31, 60, 62
32, 69, 39, 61, 31, 51, 38, 63
93, 54, 0, 75, 7, 24, 60, 72, 99
0, 5, 41, 42, 77, 46, 80, 42
83, 77, 2, 3, 43, 82, 66
28, 12, 48, 5, 30, 84, 54
21, 52, 33, 14, 31, 57, 67, 59, 58
66, 16, 30, 88, 17, 12, 64, 10, 65, 36
50, 27, 10, 36, 0, 94, 97
47, 1, 10, 57, 43, 75, 61
96, 51, 64, 29, 86, 31, 56, 56
34, 35, 45, 42, 98, 14, 46, 65
51, 75, 30, 69, 97, 64, 14
25, 38, 45, 50, 77, 0, 35, 92, 70, 30
54, 27, 69, 8, 83, 67, 49, 30, 21
12, 86, 25, 56, 77, 83, 25, 83, 59, 97
81, 40, 18, 35, 7, 88, 63, 32
9, 19, 34, 30, 24, 37, 3, 69, 20
69, 70, 40, 95, 28, 5, 18, 48, 57
18, 66, 82, 75, 95, 11, 15, 68, 85
90, 28, 88, 14, 17, 81, 64, 84
96, 55, 82, 26, 74, 69, 29, 89, 5
41, 64, 2, 59, 67, 78, 7, 97, 4
25, 37, 60, 70, 81, 11, 2
60, 67, 65, 37, 56, 55, 96
1, 60, 68, 54, 44, 16, 68, 56
54, 94, 47, 70, 39, 72, 94, 73
63, 84, 31, 73, 5, 57, 27
56, 53, 62, 60, 91, 56, 98
27, 26, 60, 51, 10, 20, 28, 37, 17
94, 24, 18, 82, 81, 63, 13
9, 16, 42, 36, 87, 59, 93, 57
72, 87, 61, 73, 21, 61, 37, 87
46, 54, 96, 48, 25, 78, 39, 46, 89, 74
30, 65, 58, 50, 18, 28, 82
53, 44, 15, 3, 12, 68, 65, 32, 91, 13
90, 96, 50, 54, 61, 19, 20
16, 13, 24, 87, 60, 39, 11, 57, 78, 51
30, 87, 77, 18, 36, 74, 78, 15, 70
59, 58, 84, 76, 82, 40, 1
32, 32, 61, 25, 26, 58, 21, 86
78, 27, 14, 44, 43, 55, 35, 93, 62, 14
51, 89, 10, 21, 50, 88, 99, 83, 51, 37
16, 34, 24, 12, 34, 31, 62, 68
72, 24, 76, 64, 53, 3, 21
25, 65, 24, 98, 4, 44, 84, 23
80, 20, 85, 12, 71, 42, 22
81, 3, 25, 7, 64, 44, 90
53, 25, 31, 66, 6, 2, 53, 6
39, 52, 70, 24, 91, 46, 30, 21, 20, 42
30, 13, 89, 80, 16, 99, 91, 93
92, 6, 68, 47, 9, 48, 26, 38, 43
68, 3, 73, 70, 56, 74, 93, 31, 17
83, 15, 78, 50, 47, 75, 30, 26, 23
2, 31, 10, 56, 48, 50, 16
36, 20, 81, 85, 26, 47, 57, 56, 22
53, 64, 13, 49, 50, 14, 82
47, 5, 52, 85, 60, 88, 86, 33, 59, 1
31, 96, 32, 83, 37, 79, 58
81, 64, 22, 11, 14, 69, 27
56, 40, 22, 4, 63, 16, 29, 77
88, 23, 51, 6, 59, 17, 45, 90
70, 78, 85, 98, 11, 99, 13, 38, 69
45, 45, 54, 36, 28, 42, 32
84, 28, 0, 62, 91, 62, 3
70, 11, 61, 40, 49, 79, 48, 59, 37
69, 67, 65, 16, 35, 30, 31
31, 87, 39, 19, 39, 83, 10, 93, 95
67, 96, 17, 81, 70, 93, 65
85, 54, 76, 49, 7, 91, 83, 28, 63, 46
16, 58, 50, 15, 86, 75, 51, 68
18, 63, 9, 6, 79, 40, 79
5, 33, 38, 36, 0, 84, 89, 37, 70, 50
64, 29, 74, 64, 97, 73, 27, 72, 46, 36
55, 50, 98, 73, 42, 11, 35
66, 64, 50, 56, 55, 81, 63, 24, 90
64, 40, 96, 85, 77, 86, 76
46, 73, 77, 98, 18, 83, 55, 75, 5, 10
49, 71, 12, 86, 11, 11, 8, 74
23, 32, 89, 35, 27, 30, 92, 9, 65, 19
25, 7, 30, 49, 74, 2, 67, 81, 15
37, 82, 39, 53, 29, 40, 57, 29, 80, 86
13, 57, 14, 99, 81, 33, 59, 69, 80
9, 40, 13, 75, 60, 92, 79, 62, 95, 30
66, 30, 6, 31, 14, 77, 7, 24
42, 44, 66, 88, 28, 98, 26, 26, 42
56, 65, 78, 69, 89, 84, 53, 25, 21
55, 60, 16, 29, 61, 75, 68
40, 84, 99, 32, 49, 70, 57, 94, 14
50, 80, 88, 30, 40, 54, 91, 94
62, 20, 99, 64, 49, 43, 90
78, 90, 3, 46, 88, 42, 43, 69
37, 32, 63, 61, 47, 43, 35
44, 66, 31, 2, 79, 82, 40, 62
2, 8, 82, 38, 73, 24, 13, 30, 81, 81
36, 80, 74, 93, 24, 72, 57, 66
87, 43, 79, 67, 72, 51, 72
10, 22, 4, 11, 59, 7, 84, 18, 75, 0
75, 30, 37, 81, 52, 20, 66
15, 45, 67, 15, 99, 90, 79, 72
76, 24, 80, 79, 5, 53, 52, 20, 37, 37
73, 68, 79, 50, 26, 62, 28, 74, 1
98, 49, 88, 13, 81, 70, 79
79, 87, 85, 74, 47, 75, 34, 27, 31
24, 46, 87, 14, 15, 23, 14
95, 53, 80, 26, 91, 51, 47, 84, 44
17, 15, 21, 64, 53, 81, 3, 27, 15, 3
79, 69, 30, 33, 9, 54, 55, 37, 39, 66
1, 76, 35, 63, 50, 66, 36
50, 66, 3, 52, 44, 30, 79
43, 26, 38, 27, 28, 56, 67, 82, 58, 62
10, 54, 83, 29, 19, 45, 77
91, 29, 99, 39, 63, 51, 11, 49
15, 18, 24, 74, 53, 7, 56, 78, 5, 45
84, 20, 12, 79, 12, 46, 61, 46, 64, 29
8, 51, 68, 4, 94, 40, 75, 70, 96, 51
66, 40, 32, 81, 32, 47, 81, 85
80, 16, 26, 72, 71, 73, 22, 53, 73
21, 31, 38, 75, 6, 36, 11, 4, 99
15, 48, 40, 63, 1, 82, 57, 34, 10, 50
48, 86, 92, 10, 79, 41, 70, 95, 83, 65
81, 7, 88, 9, 39, 23, 62, 76, 10
18, 20, 97, 10, 40, 29, 8
3, 80, 67, 43, 79, 6, 88
95, 9, 43, 0, 76, 27, 49, 78, 72, 57
3, 56, 14, 40, 26, 58, 35
96, 14, 0, 87, 40, 93, 57, 45, 17, 69
86, 82, 74, 60, 15, 47, 21, 49, 72
44, 42, 11, 91, 38, 35, 36, 77
37, 59, 85, 39, 98, 20, 41, 40, 63
15, 35, 45, 13, 97, 48, 87, 65, 0, 49
45, 47, 59, 40, 96, 29, 23, 81
70, 72, 57, 38, 11, 10, 94, 64, 3
83, 27, 85, 31, 75, 83, 12, 23, 22, 15
49, 53, 49, 33, 54, 41, 69, 41
61, 40, 74, 75, 61, 67, 82, 65, 58
93, 49, 35, 96, 66, 51, 45, 67, 3, 49
88, 25, 85, 66, 38, 82, 32, 69, 87, 32
3, 17, 72, 93, 10, 10, 31, 90, 27
8, 51, 21, 3, 25, 54, 64, 47
32, 5, 71, 85, 89, 31, 80, 3, 48, 37
25, 35, 9, 32, 27, 48, 63, 46
65, 93, 34, 23, 2, 32, 50, 60, 27, 45
25, 31, 46, 30, 26, 10, 60, 2, 64
63, 17, 0, 58, 98, 66, 37, 8, 11, 18
50, 91, 17, 56, 1, 95, 80, 90, 18, 5
64, 79, 68, 9, 2, 75, 57, 30
73, 94, 24, 3, 40, 21, 54, 37, 52, 40
28, 36, 30, 6, 11, 77, 48, 63
48, 55, 35, 37, 81, 16, 94, 67
20, 55, 35, 17, 36, 83, 60, 55, 97, 54
55, 44, 30, 86, 64, 83, 32
36, 85, 41, 27, 84, 4, 46
36, 90, 44, 22, 64, 77, 64, 64
91, 87, 71, 50, 31, 19, 64, 20, 16, 97
46, 47, 78, 40, 97, 4, 46, 75, 50, 22
0, 61, 44, 37, 27, 37, 46, 12, 83
82, 81, 17, 76, 58, 14, 41, 77, 88
69, 52, 38, 13, 1, 27, 4, 61, 80, 27
74, 75, 64, 64, 62, 4, 72, 86, 87
93, 27, 32, 21, 71, 30, 84
69, 86, 93, 28, 65, 32, 93
12, 8, 94, 35, 23, 66, 84
17, 1, 33, 64, 29, 32, 28, 5, 93
29, 53, 6, 45, 92, 80, 2, 14, 2
26, 45, 61, 56, 67, 10, 10
22, 2, 1, 31, 11, 70, 52, 44, 86, 16
49, 36, 84, 67, 1, 37, 60, 38, 45, 2
65, 68, 32, 56, 37, 32, 70
49, 64, 12, 38, 68, 12, 60, 73, 43
10, 78, 17, 47, 4, 2, 79
42, 46, 14, 45, 61, 33, 86, 8, 35
81, 0, 51, 28, 7, 70, 80, 41
8, 78, 39, 64, 84, 61, 51, 80, 84, 95
65, 90, 33, 50, 29, 55, 8, 78, 45, 20
51, 56, 28, 3, 97, 7, 82, 57, 76, 9
2, 71, 92, 67, 23, 40, 18, 72, 84
39, 15, 13, 8, 74, 26, 26
5, 5, 78, 56, 57, 5, 62, 14
5, 21, 42, 70, 2, 75, 18, 51, 57, 40
31, 50, 86, 12, 53, 58, 46
99, 96, 61, 17, 39, 71, 81, 24
82, 58, 75, 19, 51, 54, 69
10, 15, 9, 83, 29, 25, 45, 3, 35, 99
90, 56, 11, 60, 45, 5, 96, 46, 2, 4
44, 29, 82, 90, 16, 67, 40, 12, 57
79, 13, 87, 44, 91, 40, 3
59, 66, 74, 95, 21, 32, 18, 61, 56
92, 63, 68, 67, 28, 54, 67
16, 34, 14, 39, 78, 87, 54
51, 36, 3, 21, 35, 34, 52
78, 45, 19, 97, 93, 84, 25
81, 74, 30, 49, 20, 35, 18
36, 40, 21, 99, 35, 93, 76
42, 52, 48, 90, 32, 28, 67
42, 94, 2, 29, 72, 60, 40, 63
49, 13, 33, 94, 73, 91, 15, 80, 97, 68
28, 66, 18, 63, 74, 69, 87, 74, 22, 15
94, 15, 92, 48, 40, 45, 44, 84, 6
32, 65, 67, 56, 1, 36, 27
93, 67, 57, 61, 28, 9, 70, 68, 53, 21
4, 31, 12, 44, 1, 79, 4, 81, 34, 28
16, 30, 10, 94, 59, 95, 70, 95
13, 52, 32, 85, 0, 19, 49, 60
0, 47, 64, 34, 84, 33, 43
89, 20, 8, 40, 33, 84, 32, 59
26, 85, 20, 96, 62, 75, 59, 92, 63
90, 24, 67, 26, 35, 12, 58, 91, 80, 68
36, 36, 63, 70, 16, 32, 14, 84, 83, 87
81, 71, 59, 30, 26, 7, 29, 27
21, 46, 42, 39, 38, 53, 44, 97, 25
90, 62, 47, 68, 85, 54, 96, 99, 65
23, 98, 20, 69, 46, 56, 61, 59
7, 53, 86, 89, 95, 95, 19
34, 16, 70, 5, 32, 76, 80, 48
69, 91, 88, 63, 40, 89, 18, 48, 67
52, 21, 26, 96, 19, 44, 40, 48
19, 64, 57, 92, 84, 41, 21, 94, 58, 56
8, 48, 28, 51, 65, 69, 4
20, 20, 71, 69, 60, 84, 22, 75, 66, 22
26, 10, 84, 2, 91, 69, 19, 30, 49
79, 10, 97, 45, 69, 6, 89, 8
0, 8, 45, 30, 48, 4, 81, 62, 80
2, 9, 22, 45, 48, 7, 77, 43, 81
26, 12, 42, 59, 32, 57, 18, 50
31, 32, 72, 73, 67, 41, 0, 99
96, 61, 98, 34, 55, 84, 78, 35
65, 19, 88, 77, 47, 3, 89
61, 2, 25, 6, 65, 50, 69, 79, 90
97, 47, 32, 38, 23, 43, 17
5, 78, 6, 51, 5, 95, 48
50, 40, 29, 85, 39, 56, 75
26, 26, 64, 53, 47, 61, 64, 51, 7
43, 14, 67, 76, 74, 5, 86, 83, 14
29, 32, 36, 44, 48, 70, 0, 80, 57, 27
27, 85, 83, 99, 60, 14, 70
2, 54, 61, 61, 87, 10, 16
51, 89, 71, 57, 26, 94, 25, 73, 69, 51
50, 59, 75, 67, 5, 3, 78, 27, 59
25, 79, 20, 75, 7, 29, 48
30, 59, 84, 32, 50, 85, 31, 19, 17, 59
76, 21, 99, 55, 32, 78, 23, 25, 9, 68
34, 55, 55, 90, 89, 10, 82, 90
54, 38, 80, 87, 1, 72, 82
7, 54, 13, 2, 84, 12, 78, 28, 69, 93
98, 87, 96, 0, 25, 16, 25
33, 22, 32, 41, 31, 47, 82, 63, 53
54, 9, 2, 6, 40, 53, 23, 88
9, 84, 47, 31, 29, 50, 50, 98
48, 32, 32, 29, 30, 62, 58, 43
30, 87, 74, 15, 43, 52, 82
61, 2, 62, 82, 3, 64, 42
50, 67, 22, 68, 31, 27, 94, 22, 92, 14
91, 90, 7, 78, 43, 40, 5, 14, 68
66, 59, 12, 33, 28, 99, 44, 7
75, 67, 86, 36, 96, 50, 62
95, 32, 68, 60, 78, 29, 36, 46, 37
86, 89, 45, 44, 56, 85, 46, 58, 51
40, 74, 38, 27, 95, 60, 98, 34, 17, 14
37, 74, 52, 12, 10, 81, 73, 16, 96, 54
29, 56, 86, 53, 93, 60, 24, 18, 26, 11
68, 70, 76, 51, 34, 76, 52, 89
41, 35, 21, 77, 70, 78, 95, 43, 54, 40
45, 10, 89, 21, 66, 76, 95, 51
8, 20, 25, 31, 88, 8, 54, 82, 40, 10
17, 38, 21, 72, 56, 93, 35, 19, 74
89, 88, 20, 37, 25, 3, 60, 46
77, 8, 54, 94, 21, 24, 92, 92, 31
86, 96, 0, 75, 70, 76, 32, 20, 27, 40
59, 97, 20, 53, 64, 27, 2, 5
70, 48, 86, 40, 83, 80, 10, 30
38, 29, 44, 12, 23, 68, 19, 87
0, 19, 87, 69, 73, 21, 6, 63, 11, 94
85, 14, 35, 71, 92, 44, 76, 77, 57
21, 1, 47, 19, 5, 95, 35, 44, 26, 14
43, 32, 66, 87, 70, 44, 60, 87, 71
62, 75, 2, 92, 70, 7, 96
53, 86, 10, 16, 77, 48, 51
47, 19, 45, 14, 73, 20, 10, 54, 33, 91
33, 65, 46, 84, 8, 73, 90, 6, 43, 76
18, 85, 24, 23, 98, 71, 23
46, 36, 10, 68, 43, 57, 57, 32, 18, 87
28, 64, 20, 67, 26, 61, 33, 12, 42, 57
21, 5, 44, 18, 49, 92, 75, 86, 71, 88
53, 71, 18, 49, 70, 14, 16, 96
9, 0, 98, 32, 39, 43, 75, 10, 97
35, 41, 5, 37, 11, 79, 23, 39, 52, 54
47, 87, 98, 57, 7, 69, 40, 12, 25
88, 19, 30, 21, 65, 68, 90, 20, 59
34, 12, 22, 21, 28, 98, 28
61, 28, 38, 30, 17, 67, 87, 4
21, 57, 50, 82, 12, 49, 39, 25, 13, 0
28, 32, 99, 23, 70, 48, 5, 31, 69
25, 86, 5, 63, 65, 37, 29, 47, 78
30, 96, 88, 36, 88, 60, 73
98, 28, 62, 62, 34, 96, 53, 55
62, 7, 93, 55, 38, 60, 72, 78, 42
29, 13, 89, 87, 81, 57, 13
18, 39, 80, 60, 95, 9, 40, 38, 94
3, 19, 14, 62, 25, 45, 61, 42
26, 29, 86, 51, 86, 89, 1
89, 53, 6, 38, 35, 26, 51, 5, 37, 19
44, 12, 43, 52, 34, 41, 47, 99, 29
23, 42, 12, 91, 59, 40, 23
22, 81, 95, 56, 40, 68, 48, 95
24, 44, 14, 1, 29, 53, 19, 19, 39, 7
46, 2, 81, 36, 89, 43, 36, 39, 89, 21
69, 96, 22, 61, 40, 21, 54, 10, 12, 98
57, 0, 31, 54, 5, 5, 90, 92, 31, 41
16, 17, 96, 78, 48, 88, 56, 44, 50
0, 39, 92, 18, 22, 39, 75, 9
77, 98, 40, 11, 12, 5, 67, 88, 48
62, 7, 39, 66, 53, 56, 99, 63, 57, 89
92, 96, 90, 83, 85, 44, 62, 22
50, 30, 19, 14, 99, 79, 45
87, 31, 2, 55, 50, 13, 96, 45, 76
24, 88, 76, 37, 86, 91, 71, 57, 4, 31
69, 10, 15, 57, 44, 19, 78, 54
39, 0, 1, 81, 26, 60, 68
32, 51, 79, 51, 8, 78, 7, 54, 45, 86
38, 49, 54, 98, 85, 90, 22, 36, 40
61, 57, 48, 1, 19, 17, 55, 50
38, 22, 55, 42, 54, 77, 21
29, 29, 38, 2, 78, 13, 59, 52
84, 89, 58, 38, 21, 86, 92, 8, 51, 93
4, 66, 17, 41, 25, 3, 19, 58, 44, 90
64, 96, 80, 81, 17, 23, 58
36, 82, 48, 58, 19, 1, 37, 40
91, 9, 65, 98, 58, 15, 96, 26
13, 41, 28, 30, 85, 48, 90
29, 97, 69, 44, 41, 13, 38, 70, 45
90, 32, 52, 10, 1, 81, 41, 52
11, 82, 4, 17, 41, 39, 85, 2
4, 63, 82, 35, 51, 56, 78, 51, 37, 75
73, 50, 51, 55, 77, 93, 63, 5, 68, 93
26, 61, 70, 41, 82, 44, 96, 22
62, 93, 81, 25, 34, 61, 28, 9, 68, 90
14, 49, 49, 87, 71, 94, 82, 81, 50
88, 29, 41, 52, 13, 11, 55, 36, 31, 21
56, 3, 63, 76, 94, 67, 46
97, 45, 24, 4, 35, 49, 77, 0
72, 5, 33, 90, 48, 45, 45
19, 85, 8, 5, 88, 70, 36
15, 47, 2, 9, 61, 90, 18, 54
65, 19, 6, 98, 44, 90, 4
1, 69, 19, 61, 38, 67, 34, 34, 74
21, 73, 67, 61, 60, 45, 59, 97, 78
48, 4, 26, 4, 57, 26, 91
56, 51, 46, 72, 47, 92, 22, 96
75, 60, 98, 62, 10, 21, 82, 84
15, 6, 24, 67, 21, 1, 23
28, 44, 25, 68, 55, 56, 16, 88
90, 6, 96, 86, 59, 74, 89, 28
37, 38, 6, 98, 80, 5, 55, 85
96, 10, 5, 38, 99, 48, 19, 43
14, 80, 67, 3, 93, 6, 90, 79
34, 43, 27, 19, 94, 42, 2, 23, 55
1, 2, 18, 9, 37, 22, 36, 67
45, 68, 82, 51, 34, 46, 75
57, 29, 3, 5, 42, 14, 50, 43, 2, 37
80, 40, 50, 1, 53, 56, 45
16, 27, 45, 49, 19, 4, 40, 42, 78
80, 58, 81, 24, 57, 13, 25
17, 61, 13, 55, 93, 76, 97, 93
10, 31, 78, 97, 81, 27, 58, 51
80, 80, 81, 90, 50, 24, 96, 36
90, 33, 69, 87, 13, 98, 56, 98
82, 91, 70, 30, 32, 60, 16, 74, 92
42, 88, 88, 92, 1, 98, 41, 69, 93, 22
79, 52, 87, 94, 41, 24, 79, 2, 16, 75
67, 58, 93, 41, 72, 69, 46, 35, 49, 16
26, 17, 90, 55, 9, 41, 65, 14, 47
76, 72, 71, 72, 71, 84, 85, 90, 72
34, 10, 24, 55, 73, 12, 13, 88, 35
32, 34, 51, 18, 1, 64, 85, 2, 58, 18
17, 19, 71, 8, 31, 53, 15, 32
56, 87, 45, 99, 23, 73, 76
59, 26, 13, 53, 46, 88, 3, 77, 91, 10
54, 44, 88, 35, 82, 87, 48
46, 99, 83, 33, 6, 60, 49
56, 25, 46, 60, 38, 75, 14
12, 31, 39, 83, 67, 4, 20, 95, 9, 12
49, 76, 44, 80, 4, 46, 82, 9
99, 58, 31, 88, 67, 81, 6, 47, 66, 56
5, 84, 78, 55, 88, 47, 6
69, 99, 24, 73, 91, 72, 32, 12, 58, 27
61, 12, 70, 13, 89, 31, 59, 7, 46
70, 57, 1, 96, 62, 83, 19, 52, 11, 27
14, 31, 82, 66, 39, 49, 58
60, 16, 34, 7, 14, 3, 6, 91, 17, 80
73, 99, 42, 55, 84, 51, 71
35, 33, 92, 84, 78, 69, 87, 92, 39
20, 19, 20, 20, 89, 31, 2, 97
68, 60, 64, 56, 2, 63, 94, 20, 74
78, 31, 63, 58, 56, 71, 32
79, 21, 67, 36, 12, 30, 71, 29, 84, 49
73, 53, 86, 91, 5, 16, 77, 64
94, 69, 85, 64, 30, 28, 59, 45
9, 55, 84, 94, 37, 80, 40
18, 89, 52, 80, 90, 67, 90
95, 48, 26, 56, 15, 92, 7
74, 14, 76, 2, 18, 93, 35
89, 24, 71, 87, 48, 89, 90, 34
32, 4, 8, 29, 16, 60, 71, 90, 21
35, 5, 39, 64, 72, 77, 86, 46
55, 33, 40, 62, 45, 21, 64, 59
47, 44, 49, 84, 82, 14, 55
62, 95, 41, 21, 51, 88, 59, 41
84, 69, 31, 50, 47, 57, 90, 40, 50
50, 12, 55, 88, 64, 35, 58, 59, 71, 86
25, 74, 75, 51, 43, 20, 43, 49, 87, 64
73, 78, 78, 69, 83, 63, 4
57, 85, 17, 3, 99, 80, 35
93, 6, 82, 39, 40, 9, 81, 92, 3
96, 85, 11, 30, 32, 74, 24
0, 35, 46, 88, 86, 36, 32, 45, 6
91, 95, 47, 35, 25, 36, 79
74, 98, 66, 17, 52, 90, 21, 79
80, 5, 26, 20, 5, 78, 99, 74
92, 87, 23, 89, 20, 41, 16
31, 74, 82, 46, 54, 79, 37, 87, 95, 92
62, 69, 47, 19, 31, 71, 3, 62, 41
60, 41, 11, 76, 28, 77, 46, 88
71, 68, 93, 71, 12, 93, 91, 94
7, 61, 53, 55, 15, 24, 82
16, 13, 85, 48, 91, 75, 12
56, 92, 14, 92, 61, 27, 87, 72, 10
88, 88, 76, 45, 51, 62, 26, 5, 73, 21
5, 26, 19, 60, 92, 74, 10, 29
15, 14, 3, 9, 68, 49, 46, 34, 44
86, 51, 89, 15, 58, 86, 73, 57
12, 13, 41, 93, 22, 95, 71, 50
15, 82, 37, 94, 32, 28, 82
89, 91, 18, 35, 32, 82, 45, 44, 5, 93
37, 95, 52, 41, 13, 58, 94, 14, 30, 28
47, 73, 45, 27, 60, 24, 37, 48, 13
24, 79, 32, 54, 54, 16, 56, 3
69, 47, 60, 66, 55, 97, 89, 35
39, 1, 36, 76, 12, 69, 35, 41, 45, 62
7, 36, 6, 15, 67, 98, 19, 84, 95, 8
34, 98, 26, 29, 55, 78, 60, 47
67, 23, 66, 44, 1, 81, 96, 10, 19, 16
43, 21, 39, 73, 17, 8, 2, 31, 39, 42
67, 94, 17, 15, 26, 14, 99
2, 23, 73, 68, 95, 16, 98
3, 54, 62, 93, 91, 54, 14
84, 84, 3, 58, 32, 38, 48, 44
69, 90, 41, 88, 86, 97, 88, 86, 64
91, 3, 84, 19, 7, 93, 43, 26, 38
59, 55, 33, 45, 5, 59, 43, 56, 71, 28
47, 55, 7, 78, 57, 38, 36, 50, 70
24, 20, 40, 4, 42, 99, 31
20, 53, 71, 92, 56, 5, 35, 21
4, 48, 73, 36, 94, 57, 41, 77, 53, 93
60, 99, 47, 17, 90, 39, 72, 11, 86
33, 40, 59, 98, 75, 26, 19, 69
16, 7, 11, 4, 28, 59, 24, 79, 31, 29
26, 57, 18, 95, 33, 88, 94, 11, 72, 11
53, 4, 93, 15, 87, 65, 64, 82
84, 6, 62, 19, 63, 81, 87, 83, 87, 76
52, 24, 71, 94, 60, 49, 35, 19, 14
42, 36, 78, 88, 87, 77, 66, 32, 22, 26
22, 65, 37, 16, 26, 61, 75, 4, 40
4, 74, 62, 66, 28, 93, 1, 95
42, 99, 82, 55, 92, 72, 1, 2, 15, 2
3, 27, 86, 2, 92, 72, 44
44, 60, 58, 66, 66, 33, 0, 80, 16, 90
64, 66, 88, 84, 93, 81, 53, 64, 95
39, 63, 86, 44, 55, 81, 80, 5, 44, 82
63, 76, 24, 45, 69, 24, 10, 74, 34, 6
32, 72, 7, 13, 38, 49, 82
91, 42, 14, 11, 66, 18, 13
3, 11, 95, 37, 9, 2, 46, 73, 7, 10
61, 10, 94, 28, 85, 96, 55, 53, 96, 88
28, 49, 0, 46, 41, 22, 68
22, 40, 10, 17, 53, 34, 29, 75
7, 18, 69, 27, 47, 88, 99, 74, 86
35, 98, 5, 53, 45, 82, 26, 98, 85, 21
69, 77, 53, 14, 31, 59, 44
66, 98, 35, 22, 19, 55, 61, 56, 65
44, 26, 40, 64, 56, 55, 32
81, 22, 40, 39, 28, 51, 89, 45, 2, 11
20, 28, 37, 33, 87, 41, 30
49, 33, 79, 21, 55, 45, 0, 83
70, 51, 60, 13, 6, 37, 79, 86
42, 52, 43, 82, 73, 89, 65, 48
43, 48, 37, 39, 67, 66, 2, 1, 33, 13
11, 22, 46, 0, 65, 69, 13
39, 40, 99, 76, 34, 76, 44, 44
64, 3, 10, 25, 63, 35, 2, 37, 12, 11
82, 8, 92, 96, 55, 80, 79
59, 64, 7, 13, 98, 62, 78, 26, 35
42, 77, 19, 90, 56, 65, 40, 18, 29
98, 89, 83, 22, 95, 20, 53, 71, 54, 6
79, 97, 28, 69, 53, 60, 70
75, 53, 20, 16, 84, 57, 9, 55
26, 55, 21, 24, 0, 59, 27
4, 97, 26, 56, 59, 52, 16
30, 40, 24, 1, 33, 91, 74, 83, 79, 28
76, 76, 31, 12, 53, 38, 74, 53
24, 52, 0, 58, 71, 43, 36
10, 78, 95, 91, 90, 38, 53, 15, 31, 47
50, 19, 3, 24, 55, 76, 91, 93
31, 23, 91, 41, 57, 47, 61
18, 47, 64, 70, 10, 44, 70, 56, 61
21, 62, 79, 10, 93, 28, 94, 27, 60
25, 29, 64, 98, 35, 51, 92
60, 89, 23, 10, 74, 7, 35, 53, 72, 66
50, 35, 29, 51, 22, 67, 69
47, 41, 73, 59, 45, 86, 85, 28, 99
27, 47, 20, 73, 22, 95, 29, 1, 89
6, 90, 85, 64, 9, 53, 26, 50
95, 95, 34, 36, 28, 24, 39, 7, 33
29, 77, 11, 34, 83, 59, 91
88, 82, 4, 61, 56, 17, 42
13, 41, 47, 13, 64, 3, 26, 12, 90, 18
89, 21, 16, 43, 13, 93, 49, 73, 95, 24
72, 98, 30, 21, 0, 57, 97
76, 91, 68, 15, 31, 67, 97, 16
89, 16, 95, 55, 90, 94, 91
91, 21, 21, 54, 4, 26, 72, 87, 39
68, 65, 1, 80, 12, 8, 87
95, 89, 2, 14, 91, 76, 47
54, 22, 51, 50, 30, 65, 20, 71, 87, 57
25, 4, 31, 24, 69, 58, 43, 66, 69, 22
36, 57, 36, 54, 47, 24, 37
54, 29, 29, 97, 16, 21, 16, 24
51, 99, 78, 77, 9, 66, 52, 0, 4
49, 1, 3, 48, 38, 50, 61
59, 65, 48, 16, 58, 99, 77
87, 41, 66, 55, 93, 9, 1
84, 40, 42, 51, 63, 79, 50, 32, 59, 26
35, 44, 63, 2, 20, 68, 13, 32
17, 88, 10, 56, 85, 3, 29
34, 58, 88, 16, 89, 56, 52, 68, 46, 4
28, 70, 97, 39, 56, 68, 47, 15
5, 96, 6, 30, 62, 53, 65
47, 51, 8, 41, 35, 21, 69, 58, 2
54, 33, 38, 94, 29, 54, 51
18, 67, 20, 93, 35, 78, 8, 84, 21, 88
71, 15, 85, 14, 21, 29, 8, 11
80, 29, 89, 65, 3, 45, 83, 90
81, 14, 2, 21, 48, 83, 86, 68, 80, 55
46, 63, 83, 19, 21, 48, 69
5, 93, 9, 86, 82, 62, 2, 14
6, 99, 46, 29, 91, 58, 19, 78, 45
15, 16, 10, 92, 82, 83, 9, 84
42, 16, 65, 92, 3, 34, 97, 66
5, 71, 7, 7, 19, 18, 30, 43
27, 15, 79, 51, 64, 52, 32, 84, 5
30, 77, 79, 3, 52, 9, 69, 51
6, 52, 60, 12, 95, 9, 56, 88, 0
19, 71, 94, 88, 24, 59, 62
2, 69, 28, 47, 19, 64, 34, 61, 32, 15
62, 28, 70, 96, 93, 86, 53, 74
70, 15, 46, 33, 88, 78, 84, 89, 68, 55
94, 11, 9, 30, 39, 2, 63, 89, 85, 86
68, 16, 16, 97, 7, 41, 3, 2
9, 60, 58, 22, 16, 66, 50, 94, 7
6, 74, 72, 74, 26, 54, 63, 74, 42
97, 83, 97, 84, 79, 28, 98, 63, 11
0, 70, 67, 46, 34, 59, 45, 20, 9, 9
16, 61, 55, 69, 4, 74, 35, 56
82, 46, 49, 9, 79, 0, 63
22, 24, 72, 38, 12, 28, 89, 86, 72
12, 73, 92, 77, 82, 83, 95
52, 7, 68, 99, 47, 46, 10, 82, 82
56, 46, 59, 3, 7, 42, 72, 13, 47
4, 23, 17, 77, 40, 69, 13, 52
30, 12, 69, 52, 14, 55, 96, 70, 59, 12
56, 94, 26, 31, 88, 1, 78, 75, 61, 64
20, 39, 74, 89, 25, 79, 79, 33, 23, 37
56, 49, 33, 41, 1, 29, 39, 1, 24, 18
15, 41, 11, 17, 89, 34, 81, 9, 30, 38
57, 48, 39, 72, 86, 31, 35, 42, 65, 16
72, 69, 86, 25, 95, 13, 44, 65, 33, 7
4, 38, 23, 69, 49, 19, 8, 49
99, 91, 66, 92, 30, 23, 83, 70, 93, 27
5, 69, 54, 4, 4, 14, 65, 27
18, 2, 28, 97, 11, 66, 0
25, 24, 35, 58, 36, 13, 88, 5
37, 53, 71, 82, 75, 22, 14
71, 29, 44, 7, 88, 78, 2
98, 61, 36, 62, 0, 19, 12, 61
4, 38, 69, 97, 58, 2, 82
73, 63, 72, 71, 56, 17, 60
53, 43, 6, 39, 52, 90, 94, 96
50, 32, 84, 47, 14, 21, 90, 11, 24, 75
27, 51, 33, 78, 22, 30, 95
4, 90, 60, 78, 32, 84, 90, 64
14, 10, 63, 80, 32, 16, 8
60, 50, 66, 33, 66, 6, 41, 88, 33
19, 69, 47, 41, 16, 11, 37, 70
16, 33, 5, 4, 99, 93, 82, 4, 77, 22
42, 14, 41, 49, 43, 47, 36
64, 93, 76, 95, 46, 77, 82
73, 68, 50, 90, 43, 16, 32, 10, 82, 21
20, 95, 18, 40, 47, 58, 83, 93
35, 65, 8, 8, 59, 31, 12, 22, 26
12, 78, 6, 27, 74, 50, 73, 64, 71, 97
43, 67, 35, 41, 1, 54, 25, 11
44, 62, 88, 18, 49, 80, 8, 45, 84
80, 75, 89, 68, 76, 83, 43, 80
62, 27, 75, 84, 49, 4, 1, 98, 96
18, 84, 97, 9, 64, 94, 0, 5, 10, 73
89, 98, 54, 75, 90, 34, 88, 4, 10
29, 11, 95, 42, 6, 96, 68, 61, 52, 17
4, 58, 53, 58, 86, 60, 64, 15, 51, 28
21, 23, 99, 34, 72, 34, 97
93, 32, 93, 90, 65, 19, 74
28, 31, 19, 42, 89, 73, 43, 56, 81
12, 14, 21, 33, 11, 73, 1
91, 38, 34, 6, 7, 71, 7
47, 72, 38, 70, 88, 17, 41, 22, 35, 6
34, 79, 69, 44, 17, 50, 54, 81, 49, 15
52, 19, 9, 66, 14, 23, 88, 19, 83, 34
51, 96, 32, 55, 54, 14, 14
47, 80, 85, 7, 1, 96, 51, 49, 97, 57
67, 76, 84, 64, 50, 59, 28, 22
48, 45, 65, 33, 25, 55, 21
1, 56, 23, 19, 5, 24, 75, 67, 65, 24
36, 13, 19, 39, 63, 36, 35, 57, 7
69, 38, 53, 68, 2, 87, 84, 18
41, 41, 71, 87, 76, 26, 55, 60
45, 84, 98, 94, 10, 66, 13, 7, 6, 9
90, 70, 79, 2, 15, 43, 98, 12, 56
88, 82, 52, 3, 62, 37, 33
77, 32, 20, 8, 49, 83, 21, 22, 13
67, 64, 58, 89, 84, 78, 65
10, 29, 94, 9, 43, 81, 57, 79, 12
62, 91, 87, 6, 30, 73, 28
57, 48, 50, 14, 89, 39, 3, 58, 52
25, 30, 11, 68, 26, 65, 81, 91
21, 4, 33, 59, 89, 55, 4, 13, 41, 36
48, 60, 84, 23, 21, 83, 81
40, 40, 59, 20, 15, 67, 9, 6, 74
32, 87, 70, 10, 79, 75, 30, 3, 64, 75
81, 48, 23, 25, 12, 66, 5, 87, 78
15, 18, 93, 85, 60, 75, 13
56, 21, 42, 24, 13, 86, 93, 72, 21
43, 50, 47, 89, 19, 59, 1, 91, 61, 85
87, 78, 43, 24, 11, 47, 93, 38, 87, 12
79, 63, 74, 95, 67, 10, 17, 5
48, 18, 29, 68, 21, 10, 86, 43
76, 81, 33, 2, 92, 84, 11
51, 55, 24, 98, 37, 5, 56, 97, 2
87, 45, 38, 21, 89, 89, 49
8, 55, 74, 79, 5, 50, 66, 21, 34, 4
6, 21, 60, 78, 25, 46, 38, 95, 19, 83
76, 87, 49, 32, 14, 20, 62
87, 55, 37, 27, 87, 30, 75
55, 34, 47, 64, 28, 7, 42, 13, 38, 61
18, 41, 90, 54, 85, 9, 42, 4, 4, 16
89, 3, 94, 59, 15, 71, 13
42, 9, 0, 74, 43, 64, 62
11, 43, 13, 30, 59, 99, 99, 97
76, 51, 63, 83, 31, 46, 17, 79, 34
21, 11, 97, 47, 98, 26, 91, 34
94, 73, 19, 88, 37, 34, 6, 51
54, 72, 63, 34, 90, 75, 98, 51, 70
79, 83, 92, 37, 77, 41, 36, 13, 44, 99
30, 77, 98, 47, 29, 36, 3, 57, 84, 43
8, 97, 15, 6, 61, 35, 1, 30
79, 1, 41, 54, 87, 1, 16, 14, 1
40, 86, 53, 2, 63, 98, 80, 42, 39
91, 15, 92, 67, 85, 87, 69
76, 20, 65, 46, 30, 83, 88, 72, 32
70, 1, 75, 98, 98, 11, 89, 90, 55
66, 12, 29, 13, 64, 64, 84
62, 89, 70, 34, 7, 16, 62, 19
87, 78, 61, 40, 78, 73, 51, 69
91, 13, 24, 87, 50, 75, 94, 9
40, 5, 6, 27, 60, 23, 16
0, 93, 44, 20, 89, 4, 52, 97, 65
70, 47, 56, 47, 96, 22, 68, 45, 99, 8
4, 4, 59, 39, 71, 68, 73, 7
83, 66, 23, 68, 9, 41, 6
78, 58, 21, 85, 48, 6, 80
55, 25, 77, 43, 35, 30, 68, 27, 45
86, 12, 23, 51, 2, 93, 1, 1
76, 69, 94, 36, 86, 61, 21, 88
66, 89, 77, 80, 86, 84, 53
11, 22, 38, 10, 92, 69, 30, 25, 47, 5
89, 91, 93, 86, 43, 52, 49
68, 12, 46, 12, 64, 95, 47, 39, 10, 57
71, 66, 88, 1, 72, 19, 0, 3
24, 15, 40, 84, 26, 25, 29, 77
30, 95, 3, 15, 45, 86, 78
70, 50, 89, 98, 11, 66, 96, 19, 96, 49
70, 56, 46, 67, 83, 65, 64, 48, 63, 15
50, 75, 28, 47, 12, 65, 95
66, 75, 29, 18, 17, 1, 41
68, 54, 87, 7, 31, 0, 48, 60
97, 21, 29, 55, 2, 36, 92, 28, 76
20, 11, 17, 75, 27, 89, 8, 24
66, 30, 24, 99, 67, 60, 31, 40, 22
63, 73, 33, 18, 77, 68, 0, 6, 34
18, 53, 60, 38, 76, 26, 50, 96, 14, 52
35, 60, 58, 77, 63, 75, 80, 62
85, 22, 6, 63, 70, 13, 76, 39, 91
32, 79, 56, 66, 50, 27, 70, 57
62, 94, 72, 30, 42, 56, 92, 62
86, 27, 93, 60, 60, 82, 60, 25
9, 3, 71, 28, 63, 69, 10, 8, 21
54, 3, 77, 29, 24, 97, 8, 73, 47, 23
66, 66, 59, 57, 85, 33, 8, 4, 39, 24
65, 86, 58, 25, 54, 56, 7
65, 44, 20, 37, 4, 53, 72, 25, 13
31, 8, 39, 90, 58, 98, 50, 92, 60
81, 33, 54, 94, 73, 97, 84, 75
50, 10, 27, 19, 22, 22, 84, 81, 55, 64
96, 3, 77, 35, 22, 13, 58, 43
29, 50, 96, 62, 60, 59, 22
27, 28, 45, 30, 43, 40, 32
99, 36, 47, 47, 97, 91, 80, 36, 35, 82
21, 86, 54, 23, 87, 21, 4
61, 44, 0, 48, 33, 3, 82, 58, 74
38, 38, 78, 7, 1, 53, 65
31, 84, 48, 0, 23, 82, 64
3, 59, 27, 54, 15, 8, 78, 12, 70, 10
9, 41, 55, 74, 96, 54, 5, 63, 73, 47
39, 61, 53, 33, 57, 53, 70
7, 98, 19, 47, 60, 67, 91
49, 97, 64, 35, 14, 7, 96, 37, 61, 20
84, 20, 60, 61, 26, 30, 94, 60
84, 75, 64, 73, 80, 58, 8, 18, 16, 43
31, 92, 12, 86, 65, 21, 33, 41, 89, 22
76, 63, 96, 74, 27, 51, 10, 50
78, 61, 80, 74, 25, 52, 44, 71, 41, 6
69, 49, 75, 88, 2, 10, 75, 59
12, 1, 2, 18, 83, 99, 62, 29, 43, 60
1, 17, 65, 87, 82, 31, 21, 52
33, 78, 63, 95, 35, 29, 13, 26
35, 57, 3, 16, 37, 34, 50
98, 34, 60, 67, 16, 26, 9
45, 9, 26, 38, 70, 82, 84, 30, 99
37, 25, 7, 92, 41, 92, 20, 96
25, 4, 40, 2, 18, 28, 74, 65, 19
66, 93, 77, 42, 72, 34, 20, 59, 85, 22
80, 32, 46, 63, 22, 68, 82
13, 94, 25, 87, 93, 17, 50
25, 18, 58, 38, 11, 65, 85, 94, 1
46, 15, 27, 54, 10, 89, 1, 50
69, 98, 17, 3, 61, 76, 33, 6, 66, 66
39, 16, 17, 45, 73, 89, 53, 48, 35, 36
63, 88, 66, 99, 71, 23, 47, 62, 32, 92
95, 9, 29, 96, 78, 30, 82, 59, 84, 4
48, 38, 34, 41, 25, 91, 5, 58, 87
85, 32, 41, 38, 80, 11, 37, 74
92, 66, 86, 32, 94, 35, 54, 24
8, 4, 19, 50, 33, 72, 62
46, 14, 57, 85, 67, 48, 15, 39, 12, 9
89, 61, 57, 95, 66, 3, 84, 18
30, 64, 20, 83, 43, 25, 84
22, 7, 84, 20, 4, 56, 91, 33, 51
24, 66, 58, 14, 41, 86, 21, 93, 80, 57
47, 84, 56, 92, 8, 1, 13
1, 89, 2, 65, 5, 68, 53, 87, 11
34, 58, 13, 57, 61, 94, 30, 11, 38, 57
52, 53, 52, 58, 61, 65, 92
34, 84, 25, 23, 33, 45, 66, 51, 47
74, 63, 30, 25, 90, 16, 50, 75, 79, 34
70, 82, 51, 17, 43, 40, 95, 45, 68
32, 13, 19, 8, 62, 47, 47, 41, 35
49, 38, 6, 12, 40, 10, 51, 58, 94, 45
5, 73, 58, 40, 41, 75, 95, 9
71, 15, 43, 25, 80, 22, 0, 73
93, 37, 53, 89, 32, 15, 30
75, 62, 49, 1, 33, 45, 47
17, 45, 68, 45, 25, 64, 97, 47, 15, 22
94, 80, 20, 64, 16, 87, 0, 65, 56, 3
98, 60, 60, 8, 89, 11, 67
66, 79, 61, 38, 28, 8, 63, 32, 36, 85
54, 67, 66, 69, 57, 11, 7, 89
91, 23, 83, 49, 52, 3, 1
37, 41, 32, 64, 4, 22, 21, 4
22, 13, 5, 21, 38, 65, 8, 16, 22, 63
60, 93, 39, 83, 79, 67, 92, 85, 28, 69
62, 31, 43, 91, 28, 83, 19, 76
94, 99, 99, 21, 81, 0, 11
71, 47, 12, 58, 9, 84, 93
6, 5, 10, 11, 32, 0, 79, 67
49, 66, 99, 74, 23, 2, 4, 38, 90
25, 54, 70, 36, 49, 37, 10, 68, 85
97, 22, 39, 52, 85, 38, 80, 57, 76
80, 49, 29, 46, 18, 51, 19
19, 54, 27, 88, 55, 90, 64
97, 81, 28, 50, 11, 43, 59, 74, 35, 19
43, 39, 20, 17, 76, 78, 10, 88, 4, 92
93, 97, 98, 33, 64, 83, 81
98, 80, 53, 24, 97, 2, 85
78, 99, 17, 96, 3, 31, 76, 38
99, 35, 50, 33, 66, 0, 64, 97
53, 54, 28, 98, 41, 61, 78, 73, 53
96, 9, 3, 11, 10, 43, 94, 87
74, 12, 66, 46, 85, 7, 31, 13
50, 56, 8, 6, 25, 80, 7, 48, 23, 41
58, 45, 34, 43, 22, 46, 6, 94
12, 90, 40, 60, 78, 40, 62
33, 65, 21, 92, 75, 30, 5, 94, 93
79, 94, 0, 84, 54, 86, 96
5, 9, 18, 53, 48, 14, 10, 60
23, 33, 97, 67, 89, 56, 27
72, 50, 46, 24, 64, 44, 19
53, 18, 84, 76, 66, 14, 93, 88, 78, 33
98, 59, 93, 46, 90, 84, 57
39, 74, 72, 65, 7, 34, 56, 3, 17
75, 77, 3, 74, 90, 14, 40, 25, 21
35, 65, 2, 84, 33, 53, 32, 36
64, 59, 26, 62, 48, 47, 11, 9, 3
80, 7, 76, 16, 81, 14, 54, 4, 23, 64
54, 98, 49, 69, 30, 36, 54, 12, 3
45, 46, 85, 73, 34, 7, 2, 66
11, 6, 43, 60, 14, 90, 44, 34, 8
1, 77, 25, 14, 73, 5, 74
37, 86, 39, 1, 41, 30, 75, 64
51, 4, 19, 48, 91, 7, 38
46, 1, 0, 3, 69, 14, 69, 80, 16
25, 60, 68, 88, 4, 19, 64, 45, 90
54, 83, 44, 9, 23, 55, 5, 19
29, 85, 18, 47, 18, 18, 93, 7, 51
92, 2, 33, 56, 86, 81, 24, 8, 18, 44
23, 63, 75, 29, 21, 59, 67, 12, 41
42, 40, 37, 61, 62, 20, 48
24, 81, 43, 19, 11, 33, 26
75, 65, 8, 48, 26, 91, 93, 14, 43, 58
74, 37, 21, 30, 62, 57, 8
45, 16, 59, 0, 49, 9, 65, 83, 26
10, 81, 33, 82, 32, 82, 65, 48, 95, 80
26, 30, 80, 56, 5, 98, 15, 16, 9
11, 90, 24, 99, 93, 36, 24, 66
85, 68, 75, 94, 23, 75, 80
43, 7, 31, 44, 20, 82, 33, 56, 41
45, 68, 11, 96, 31, 9, 9, 50, 47, 95
78, 39, 0, 41, 2, 88, 50
27, 59, 27, 34, 98, 19, 88
12, 46, 79, 25, 15, 66, 72, 18
87, 60, 7, 29, 49, 85, 96, 2, 90
4, 45, 12, 30, 61, 6, 4, 83
41, 0, 21, 34, 24, 21, 7, 87
50, 77, 36, 7, 31, 60, 60
42, 92, 45, 71, 59, 36, 69, 40, 13, 89
44, 18, 84, 12, 84, 1, 71, 83
36, 8, 39, 64, 33, 14, 62, 60, 8
43, 55, 61, 99, 27, 66, 73, 56, 69, 56
59, 14, 6, 17, 38, 6, 9, 26, 91, 1
1, 75, 86, 35, 99, 66, 76, 78
2, 7, 93, 81, 32, 17, 40, 23, 94
12, 2, 15, 27, 76, 81, 29
80, 46, 3, 1, 83, 11, 25, 78
28, 70, 56, 27, 23, 27, 46, 86, 62
69, 88, 17, 56, 76, 52, 56, 54
77, 60, 3, 88, 21, 60, 3, 35
52, 5, 73, 14, 43, 7, 37
36, 36, 22, 55, 74, 36, 92
32, 71, 56, 91, 82, 39, 50, 7
48, 88, 69, 43, 77, 60, 77, 78, 34
75, 34, 30, 9, 97, 87, 59, 0, 98, 78
86, 59, 8, 72, 56, 6, 7, 39, 13
37, 16, 22, 46, 56, 58, 99, 88, 15, 39
66, 29, 90, 83, 19, 99, 32, 48, 45, 32
60, 97, 75, 36, 45, 6, 52, 68, 50
80, 53, 78, 13, 70, 29, 55, 34
25, 95, 13, 66, 72, 70, 9, 57
61, 38, 66, 16, 10, 97, 46, 31, 17, 95
58, 39, 51, 97, 77, 98, 66, 12, 35
53, 97, 33, 31, 37, 56, 14, 85, 51
15, 11, 7, 50, 43, 9, 72, 64
5, 90, 24, 34, 15, 54, 82, 46, 76
90, 8, 5, 4, 5, 12, 8, 13, 89, 97
22, 2, 55, 22, 13, 72, 29, 91, 19, 15
99, 70, 74, 62, 15, 76, 44, 38, 2
44, 56, 86, 65, 5, 99, 29
53, 66, 24, 43, 37, 56, 37
15, 57, 48, 94, 42, 10, 47, 45
83, 81, 0, 87, 0, 17, 51, 54, 58
45, 43, 29, 37, 91, 82, 97, 8
36, 45, 32, 71, 12, 97, 0, 38
32, 95, 21, 96, 63, 67, 95, 82
72, 96, 77, 3, 84, 56, 88, 51, 30, 43
71, 91, 33, 10, 72, 35, 47, 84, 37
8, 73, 77, 54, 90, 72, 86, 56, 72
58, 35, 5, 64, 52, 16, 9
43, 6, 70, 86, 23, 94, 60, 65, 70, 69
16, 34, 39, 24, 7, 31, 83, 12, 19
51, 75, 75, 63, 94, 0, 63, 5, 45, 94
83, 67, 53, 10, 27, 41, 9
99, 50, 24, 4, 47, 39, 89
38, 67, 2, 63, 37, 42, 49, 59, 58
59, 58, 8, 85, 25, 4, 67, 14
92, 33, 83, 66, 72, 80, 54
66, 95, 84, 30, 21, 7, 2, 5
55, 72, 28, 92, 36, 27, 77
33, 79, 32, 11, 98, 37, 32, 31
36, 88, 57, 23, 21, 50, 68, 86, 44
79, 20, 76, 41, 91, 60, 92
72, 62, 29, 65, 44, 60, 19, 79, 40
6, 56, 26, 0, 53, 16, 75, 15, 34, 27
8, 78, 69, 17, 91, 78, 30, 43, 15, 82
2, 83, 20, 66, 26, 38, 76, 58
27, 36, 31, 76, 14, 22, 72, 98
86, 37, 61, 42, 62, 36, 18
42, 54, 83, 44, 8, 73, 19, 18, 58
68, 85, 14, 63, 48, 38, 88
73, 7, 45, 7, 73, 30, 92, 97
86, 65, 39, 93, 78, 0, 7, 40
69, 26, 72, 78, 25, 53, 7, 83, 9
11, 14, 47, 6, 76, 92, 14, 83, 8
43, 49, 32, 57, 75, 60, 47, 18, 33, 1
87, 67, 81, 88, 42, 13, 79, 28, 41, 97
52, 6, 8, 97, 76, 42, 23, 70, 87
19, 4, 79, 82, 70, 67, 78, 84
33, 90, 8, 20, 79, 45, 15, 58, 8
64, 9, 16, 61, 55, 99, 97, 91, 78
24, 93, 51, 76, 6, 69, 56, 83, 53, 91
13, 28, 29, 3, 7, 16, 11
76, 52, 37, 78, 94, 35, 97, 12
40, 25, 22, 94, 24, 38, 65, 53, 51, 51
83, 6, 15, 64, 16, 49, 47
80, 31, 5, 13, 76, 96, 43, 87, 92, 36
30, 20, 85, 89, 52, 95, 79, 34, 98
5, 72, 68, 52, 37, 13, 63, 57, 88
72, 11, 7, 7, 27, 51, 93, 12, 61
94, 41, 57, 40, 46, 61, 81, 42, 17, 58
13, 4, 2, 67, 32, 95, 70, 98, 17, 48
19, 62, 21, 72, 29, 97, 26, 19, 32, 4
93, 15, 61, 41, 96, 98, 69
73, 36, 56, 19, 79, 53, 69, 38
5, 41, 69, 76, 11, 26, 37, 28, 17, 6
57, 79, 90, 6, 99, 26, 82, 2, 71
1, 86, 65, 7, 46, 38, 39, 52, 54, 30
22, 54, 61, 7, 3, 89, 28, 31, 39, 18
12, 72, 9, 87, 79, 6, 37, 23
30, 22, 89, 6, 99, 7, 81, 69, 76
47, 26, 47, 28, 30, 58, 40
51, 99, 73, 8, 26, 73, 39
69, 91, 82, 97, 80, 55, 93
9, 66, 93, 89, 68, 48, 21
46, 55, 43, 85, 24, 91, 10, 31
62, 67, 30, 62, 98, 19, 77, 8, 14
8, 12, 15, 60, 88, 46, 52, 21
35, 58, 8, 45, 6, 58, 57
57, 33, 60, 66, 67, 74, 77, 26, 2, 86
2, 9, 54, 50, 97, 41, 2, 67, 83
14, 15, 85, 56, 43, 71, 46, 13, 15
77, 85, 83, 53, 82, 54, 55, 65
68
3, 19, 76
37, 32, 40, 73, 15
24, 57
29, 91, 74, 59, 42
47, 10, 22, 14
33, 55, 25, 97, 70, 66
17, 59, 58
88, 73
27
28, 14, 72, 86, 1, 45
85, 37, 59, 82
48, 85, 15, 89, 32
19
43, 93, 25, 63, 57, 75
93, 3, 5, 80
16, 54, 64
50, 8, 80, 89
87, 16, 70
54, 51, 88, 95
32, 69, 37
15, 87, 78, 37, 29, 84
6
5, 64, 87
82, 75
65, 92, 16, 58
22, 45
75, 85, 96, 47, 51, 20
14, 96
37
81, 1
34, 14, 41, 38
42, 72, 30, 61, 32, 99
3
24, 63, 54
55, 39, 58
56, 29, 29, 46
86, 28
8, 39, 61, 96, 36
92, 91
32, 0, 58
92, 4, 63, 8, 52
84, 7, 63, 31
21, 36, 75
13, 35
27, 92, 18, 73
15, 3, 67
2, 69, 29, 31, 24
21, 25, 2, 85, 47, 66
3, 77, 58, 97
23, 75, 56
31, 93
61
62
34, 43
81, 47, 55
30, 62, 52
86, 86
76, 40, 34
32, 27, 1
95, 76
32, 26, 94, 56, 93, 0
24, 95, 58
33
52, 89, 86, 6, 84, 40
58, 74, 14, 19
69, 48, 9, 73
55, 82, 93, 18
39, 32, 35, 34, 24
17, 82, 74, 84
4, 97, 79
73, 48, 15, 15, 90
11, 32, 75, 8, 75, 26
60, 94, 82, 70
44, 30, 26, 57
52, 39
13, 25, 30
73
54
18, 87, 37, 23, 41
45
18, 7, 25, 80, 74, 72
29, 64, 57, 35
93, 85, 56, 25, 81
27, 2
30, 69, 26, 16, 22, 71
48
96, 64, 36
11, 65, 62, 47, 20
18
63, 75
31, 33, 14, 16, 59, 83
88
11
12, 94, 86, 85, 58, 52
55, 61, 5
7
23, 87, 69, 92, 17, 85
41, 87, 36, 25
52
67, 35
90, 31, 37, 9, 79
8
41, 34, 93
65, 85, 81, 30, 93
56, 27, 99
61
57, 3
87, 7, 57, 40, 79
66
91, 92, 83
7, 24, 56, 46
60
49, 82, 75, 1, 16
57, 84, 87, 37, 77, 18
30, 55, 4
75, 60, 44
10, 44, 44, 70, 72
61, 81, 56
83, 16, 38
48, 6
9, 94, 85, 63, 40, 29
77, 57, 72, 97, 40, 54
12, 93
81, 61, 76, 65, 76, 7
1
88, 35, 7, 25, 21, 18
60
39
76, 68
87, 16
10, 29, 80, 7
25
14, 11, 94, 22, 42, 94
71, 69, 55, 69, 67, 37
7, 84, 21, 61, 77, 89
98, 74, 52, 92, 94
41, 63, 35, 27
25, 5, 27
13, 41, 81
24, 37
47, 79, 69, 39
29, 65, 35, 77
82, 6, 41, 21
57, 40, 84, 11, 83
21, 36, 19, 59, 72, 7
34, 25, 3, 21
15
47
71, 88, 59, 61, 85, 32
66, 59, 26, 45
92, 95, 62
96, 73, 76
22, 76, 94, 20
87, 58, 65, 1, 13
97
49, 50, 73, 29, 20, 69
15, 47
40, 81, 74
58
73, 3, 86, 49
53, 79, 97
96, 24
97, 7, 43, 45, 85
36
54, 6, 29, 10, 92
32, 27, 43, 0
36, 32, 98, 43, 1
35
65, 58, 45
2, 65, 92, 3, 36
75, 33, 51, 92, 61, 85
12, 85, 21, 59, 71
3, 5, 16, 74, 55
55
9, 13, 91, 67
58, 8
7
33, 29, 97, 49
74, 70
93, 1, 81, 33
1, 79, 45, 36, 59, 70
35, 0, 50, 98
81, 20
89, 67, 92, 31, 25
96
92, 95, 69
78, 47, 38, 95, 26, 71
88, 14, 7, 13
77
15, 82, 64, 18, 79, 0
40, 41
92, 2, 50
1, 91, 18, 28
35
64, 83
78, 92, 79, 72, 13
81
18
2, 85
8, 95
16, 42, 29, 38, 86, 79
1, 74, 37
34, 2
74, 55, 3, 24
94, 45, 41
96, 4, 57
63, 24, 52, 61, 72, 99
82, 71, 98
74, 62, 80, 11, 67
20, 94, 35, 61
79, 16, 98, 70, 4, 79
57
47, 73, 53
67
41, 11, 49, 80
88, 1, 65, 25, 36
97, 87, 1, 94, 86
50, 60, 88, 21, 74
35
76, 28, 75
41, 12, 1, 66
60, 91, 54, 8, 28, 51
45, 93, 30
75, 5, 2, 46, 95, 34
71, 22, 47, 78
20, 7, 59, 10
99, 23, 19
65, 73, 16, 65, 11, 24
3, 64
37, 22, 28
59, 18
73, 73, 33, 15, 53
18, 99, 21, 27
61, 66, 69, 23
75
1, 56, 92, 90
46, 32, 71, 95, 14
36, 32, 82
49
6, 67, 16
1, 66, 82, 65, 73, 89
10, 46, 49, 77
34, 94, 86, 92
13, 28, 66, 53, 18, 82
6, 27, 15, 22, 36, 7
2, 36, 37, 18
84
49, 95
63
82, 65, 13, 40
83, 82, 47
74, 83, 97, 57, 29, 94
63, 74, 88
5, 85
28, 74, 83, 99, 5
40
13
46, 52, 76, 76
42, 52, 33, 50, 49
48, 15
54, 8
86
11, 55, 83, 75
97, 45, 71, 91, 11, 17
41, 3, 24
65
75, 73, 98, 92
65, 31, 99, 10, 56, 39
74, 59, 51, 19, 62, 6
65
12, 63
49, 71, 85, 24
65
66, 67, 49
39, 12, 61
97, 21, 76
35, 30, 97, 27, 92
93, 42
95, 33, 24, 38
39, 93
65, 19, 95, 76
28
31, 45, 35, 64, 12
38, 72, 67
85, 75, 40, 88, 29, 83
50, 32
34, 72, 18, 20, 3
18, 55, 77, 17
33, 75, 65
99, 86, 72
10, 76
10, 34
27, 36, 88, 15
24, 7, 40, 63, 72
56, 37, 59, 53
23, 45, 37, 69, 77
61, 60, 65, 90, 19, 88
50, 67
31, 27, 36, 23
85, 60, 1
85, 23, 28, 45
54, 55
47, 3, 5
46, 23, 75
33
74, 81, 1
29
23, 45, 1, 49, 31, 62
19, 85, 81, 90
97, 91, 93, 56
29, 88, 58, 48, 58
96, 23, 22
27, 28, 33, 52, 17
48, 96, 50
60, 16, 19, 55
0, 62
30, 16, 68, 85
52
43, 30, 47, 83
52, 68, 33, 83
33, 6, 73, 82, 28
22, 85, 81, 18
75, 15, 26, 23
16, 57, 21
88, 10, 52
13, 42, 26, 33
72, 14, 72, 95, 16
81, 56, 46, 46
46, 66, 62, 94
81
81, 54, 32, 74
43, 71, 26
30
34, 15
10, 69
99, 66, 7, 15, 65
32, 85, 5, 76, 51, 2
66, 93, 67
80, 14
52, 37, 52, 82, 34, 12
40, 20, 10, 21
29, 21, 20, 66
48, 56
17, 64, 59, 90
13, 46, 82, 69
83
80
21, 0, 50, 32, 79, 14
66, 2, 32
73, 8, 71
20, 33, 74
9
72, 26, 31
14, 91, 19, 81, 5
50, 43, 20, 41, 64, 48
66
86, 98, 65
22, 50, 13
78
20, 60, 62, 85, 21, 71
65, 6, 82
11, 76, 21, 21
29
59
79, 32, 23, 95, 55, 50
50, 57, 12, 52
95, 31, 62, 16
20, 22, 10
67, 10, 74
16
47, 50, 0, 87, 16
80
86
42, 87, 91, 30, 80
53, 69, 39, 18, 27
57, 0
26, 87, 44
63, 27, 21, 76
91, 53, 85, 26, 61
24, 36, 59, 83, 56
18, 36, 61, 4, 80
96, 14
70, 93, 56, 51, 46
50
66, 40, 73, 50, 84, 22
93, 66, 74, 58, 96, 18
25, 96, 36, 4, 13
94, 23, 52
69, 92, 12, 89, 29, 96
42, 81, 65, 22, 68
44, 8, 29, 16
46, 72
99, 98
95, 0, 73, 19, 83
95, 90
85
80, 0, 52, 34, 82
54, 10, 39, 31
10