49, 47, 29, 42, 44
10, 46, 47, 18
25, 21, 4, 6, 5
23, 30, 41, 33
21, 16, 10, 48
2, 3, 45, 21
15, 48, 36, 13
13, 2, 3, 21
5, 28, 22, 22
26, 6, 43, 6
2, 40, 43, 32, 34
31, 19, 23, 2
8, 49, 41, 8, 34
29, 25, 15, 36, 31
6, 26, 37, 6, 48
14, 13, 45, 49, 37
17, 16, 20, 13
3, 24, 4, 16
35, 9, 30, 7
33, 35, 27, 14, 30
12, 15, 28, 23, 1
13, 20, 37, 42, 35
14, 30, 44, 10, 27
13, 24, 18, 18
21, 29, 44, 36, 3
34, 18, 20, 5
6, 13, 1, 8
0, 16, 40, 16, 39
29, 18, 26, 17
20, 7, 38, 22
18, 20, 28, 45, 26
36, 27, 13, 10
26, 3, 13, 17, 10
41, 5, 22, 0, 33
35, 49, 24, 41, 24
15, 48, 43, 29, 18
0, 39, 28, 48
37, 36, 29, 46, 23
48, 38, 26, 30
39, 25, 28, 45, 40
43, 5, 25, 22
41, 37, 9, 47, 42
43, 46, 10, 47
35, 49, 38, 4, 36
34, 14, 3, 31, 4
18, 9, 16, 13, 34
38, 49, 32, 14
6, 10, 23, 17
26, 47, 8, 17
13, 20, 29, 9, 15
47, 34, 20, 24
30, 15, 11, 11
18, 48, 4, 20
42, 34, 15, 47, 30
33, 42, 18, 7
2, 30, 6, 35
24, 16, 2, 20, 48
28, 7, 38, 41
8, 34, 11, 47, 35
37, 41, 34, 0
40, 27, 26, 39
30, 19, 9, 11
7, 45, 16, 7, 8
6, 43, 18, 22
38, 42, 6, 20
18, 4, 46, 19, 25
20, 27, 30, 27, 36
34, 43, 33, 1, 42
1, 5, 14, 4, 28
43, 29, 32, 28
35, 21, 40, 12
3, 7, 25, 47, 31
30, 21, 20, 46
47, 29, 6, 19, 34
36, 42, 34, 39
39, 46, 42, 10, 6
0, 15, 7, 29, 4
38, 4, 34, 14
16, 12, 37, 10
8, 0, 47, 11
2, 10, 39, 23, 32
49, 20, 1, 2, 43
41, 40, 1, 16, 18
30, 2, 39, 16
35, 22, 11, 23
32, 9, 19, 49, 27
20, 22, 1, 13, 13
21, 10, 11, 4, 33
36, 31, 29, 39
17, 37, 4, 14
33, 12, 49, 34
23, 1, 28, 8
23, 5, 47, 3
44, 0, 42, 12
36, 17, 21, 47, 4
21, 12, 41, 48, 20
42, 37, 22, 29
44, 31, 19, 33
1, 15, 44, 2, 10
18, 10, 15, 15
9, 1, 36, 22, 20
27, 9, 47, 39
13, 36, 19, 45, 15
14, 38, 48, 46
16, 43, 28, 35
41, 45, 17, 17, 48
2, 48, 27, 37, 11
32, 20, 43, 0, 13
29, 11, 28, 26
35, 5, 17, 23, 29
12, 5, 27, 7, 39
22, 44, 33, 29
47, 29, 11, 47, 23
29, 19, 10, 40, 45
44, 37, 28, 18
19, 15, 7, 30
18, 7, 22, 30, 27
1, 38, 5, 46
33, 47, 39, 5
38, 33, 39, 44
28, 43, 40, 15
40, 28, 47, 4
45, 5, 49, 33
4, 5, 4, 49, 45
34, 9, 27, 28
42, 5, 43, 48
0, 42, 32, 27
21, 1, 17, 28
5, 2, 12, 39
43, 33, 33, 30
8, 45, 0, 30
49, 13, 48, 23, 21
10, 17, 37, 12, 9
29, 44, 32, 22, 5
42, 38, 47, 47
21, 31, 18, 36
34, 22, 22, 18
14, 4, 20, 11, 24
28, 11, 19, 10, 24
34, 31, 43, 44, 20
48, 49, 18, 30, 25
44, 31, 38, 7
46, 39, 37, 19
29, 43, 33, 21
19, 38, 27, 29
13, 10, 37, 38, 36
0, 45, 7, 9, 3
8, 22, 21, 40
25, 2, 14, 16, 13
25, 31, 37, 49, 25
39, 21, 47, 47, 0
26, 39, 41, 20, 6
46, 6, 3, 11, 25
30, 48, 15, 27, 40
41, 31, 3, 22, 40
3, 19, 17, 16
37, 40, 13, 37
40, 22, 12, 32
27, 38, 17, 8, 9
11, 20, 0, 30
33, 43, 43, 49, 13
19, 26, 49, 21, 4
49, 38, 39, 40, 19
17, 35, 8, 10
32, 46, 2, 15, 49
32, 11, 13, 33, 8
43, 2, 47, 12, 46
25, 2, 25, 34
20, 42, 31, 6, 35
7, 10, 23, 16, 44
17, 35, 33, 8
29, 45, 6, 5, 26
48, 6, 13, 5
9, 11, 15, 37
26, 8, 22, 13, 34
17, 30, 31, 16
8, 44, 9, 24, 14
35, 49, 45, 38
15, 24, 25, 21
12, 33, 27, 28
12, 18, 39, 27, 30
46, 24, 33, 1, 45
36, 5, 14, 28, 5
26, 30, 32, 36
46, 7, 23, 39
25, 16, 6, 49, 5
18, 14, 19, 44
20, 38, 43, 46, 33
21, 16, 30, 24, 7
46, 49, 26, 0
36, 48, 26, 1, 36
13, 39, 24, 8
41, 12, 37, 39
5, 29, 28, 5, 32
21, 29, 39, 6, 49
26, 28, 47, 35, 16
11, 28, 21, 45, 9
29, 13, 32, 4, 35
37, 37, 16, 23, 31
37, 10, 17, 24, 4
38, 32, 30, 20, 19
48, 29, 26, 28, 22
28, 37, 9, 18
48, 33, 29, 1, 39
18, 39, 37, 3
36, 37, 26, 38, 38
6, 6, 41, 32
20, 31, 48, 32
17, 25, 45, 19
39, 20, 12, 18
44, 36, 8, 10, 41
42, 15, 48, 14
16, 8, 24, 20, 21
18, 10, 12, 8
27, 3, 21, 13
32, 20, 30, 3, 35
29, 21, 40, 27, 24
49, 47, 20, 15, 28
24, 23, 41, 46, 35
49, 35, 26, 12, 7
24, 33, 45, 8
48, 31, 21, 10, 48
11, 26, 6, 31
20, 45, 33, 30
29, 4, 35, 25, 32
47, 39, 6, 24, 4
16, 31, 47, 35, 23
18, 1, 18, 26
41, 22, 22, 31
31, 16, 5, 31, 4
28, 30, 18, 22, 36
7, 38, 23, 20
24, 27, 14, 30
14, 37, 40, 11, 36
22, 22, 5, 11
13, 0, 8, 36
37, 32, 24, 18, 36
39, 41, 35, 25
25, 6, 10, 44
44, 21, 46, 46, 21
5, 31, 25, 16
4, 17, 44, 29
7, 17, 25, 10, 18
18, 11, 42, 35
45, 0, 35, 28
31, 3, 23, 46
4, 46, 42, 16, 11
29, 19, 2, 41
5, 43, 36, 6, 36
4, 33, 24, 45, 45
28, 47, 33, 28
49, 28, 27, 3, 5
38, 37, 26, 6
45, 49, 24, 45
44, 45, 17, 45, 31
46, 13, 7, 19, 44
25, 10, 6, 4
19, 44, 3, 26
46, 37, 30, 34
14, 15, 18, 14, 39
14, 0, 31, 35
37, 45, 32, 4, 16
29, 0, 12, 19
10, 32, 24, 5, 18
49, 47, 29, 37
49, 28, 41, 15, 48
42, 30, 17, 15, 47
25, 23, 19, 40, 49
35, 27, 12, 15
9, 42, 29, 4
39, 26, 47, 40, 0
0, 15, 18, 6, 21
14, 28, 20, 16, 49
20, 17, 12, 46
38, 4, 15, 37
36, 36, 35, 3, 42
37, 20, 14, 40, 12
5, 29, 2, 38
26, 44, 43, 49, 22
2, 25, 24, 10
15, 18, 32, 22, 34
18, 21, 26, 20
29, 32, 45, 31
39, 13, 41, 39
47, 34, 12, 32, 6
5, 7, 43, 10, 18
23, 46, 12, 49, 49
29, 14, 24, 48
1, 31, 12, 2
1, 37, 31, 27, 27
19, 40, 46, 34, 39
11, 37, 20, 31, 33
27, 14, 31, 37
6, 1, 10, 15, 21
41, 40, 25, 37, 15
0, 0, 40, 27, 7
31, 38, 46, 22
5, 20, 33, 5, 7
42, 35, 46, 37, 17
9, 49, 39, 41, 15
37, 46, 9, 22, 5
16, 36, 45, 40
15, 48, 13, 11, 26
31, 34, 37, 20
18, 17, 42, 20
28, 3, 30, 32, 8
36, 30, 28, 8
36, 18, 38, 33
12, 38, 21, 25
15, 26, 21, 2, 11
45, 31, 15, 40
46, 21, 18, 0
23, 2, 22, 39
10, 49, 6, 13, 2
31, 5, 34, 0, 4
44, 21, 1, 21, 49
11, 15, 15, 14
12, 29, 18, 37
30, 0, 14, 3
37, 33, 12, 19
48, 35, 28, 31, 8
34, 13, 27, 26, 45
23, 19, 49, 30
37, 46, 42, 12
1, 45, 12, 30, 34
34, 25, 18, 44, 42
48, 1, 46, 29
13, 29, 42, 2
1, 0, 10, 17, 4
35, 0, 17, 15
43, 10, 21, 31
6, 31, 37, 18, 34
30, 10, 19, 31, 14
38, 43, 49, 47
24, 20, 35, 1
18, 18, 16, 49
38, 6, 35, 27
38, 4, 30, 28
3, 4, 6, 6, 49
46, 36, 22, 30, 26
41, 27, 21, 23, 3
28, 18, 29, 31
35, 48, 16, 28
12, 27, 45, 35, 0
12, 5, 14, 26
44, 5, 19, 47, 47
41, 34, 35, 45
2, 3, 6, 37, 41
12, 2, 38, 25, 19
44, 14, 48, 12
3, 11, 26, 38, 24
12, 23, 43, 13, 45
46, 20, 40, 45
24, 10, 21, 49
36, 31, 3, 39
33, 1, 11, 39
16, 48, 5, 23, 44
2, 25, 38, 4
45, 7, 46, 3
47, 10, 23, 8, 28
13, 31, 35, 3
5, 7, 5, 47, 46
1, 13, 29, 2
14, 8, 2, 19
44, 48, 3, 13, 20
25, 14, 30, 41, 11
2, 37, 18, 11, 14
13, 4, 5, 12, 34
36, 17, 32, 34, 34
25, 3, 35, 35
5, 33, 3, 33
8, 45, 42, 44, 18
4, 13, 34, 25, 48
10, 31, 30, 9, 45
16, 9, 39, 34
30, 14, 45, 32, 38
6, 25, 49, 37, 22
13, 35, 37, 16
1, 34, 24, 35
25, 43, 46, 20, 35
29, 8, 22, 39
10, 44, 18, 17, 42
0, 32, 0, 22
12, 3, 34, 33
42, 20, 27, 13, 31
28, 9, 10, 25
39, 11, 45, 3, 6
14, 15, 10, 39, 0
31, 39, 23, 28, 46
3, 46, 23, 38, 28
36, 11, 47, 34, 36
15, 18, 37, 43, 36
17, 34, 40, 39
20, 19, 21, 15, 10
16, 35, 26, 44, 46
10, 14, 33, 31, 10
37, 23, 19, 4
45, 1, 45, 25
45, 36, 38, 20
33, 11, 29, 9, 18
48, 23
31, 42
9, 23, 44
44, 14, 39
10, 43, 9
44
34
26, 3
3, 23, 42
21, 0, 33
35, 22, 36
19
24, 24
45, 18
8, 19
28, 7, 41
32
35, 16, 39
47
39, 28
23, 26, 28
48, 46, 3
7
18
9
27
14, 46, 3
33, 19, 39
26, 37
20
43
19, 45
17, 36, 38
10
42, 1
21, 47, 2
13, 15
25, 25
44, 4, 46
8, 22
13
8, 45, 8
36, 30
41
11, 36
11, 34
6
17, 24, 15
11, 23, 23
30, 40
33, 17
6, 49, 20
12, 22
9
37, 6
33, 8
2
46, 1
48
35, 36
23
6, 10, 8
5
20, 4
2, 7
28, 37, 15
7, 47
48, 38
9, 29, 29
29, 9, 26
25, 20, 39
24, 21, 31
11, 38, 0
41, 41, 37
39, 43, 9
17, 16
19, 5, 4
34, 30
22, 20, 1
0, 46
9, 3, 18
22
16, 26, 37
31, 30
13, 43, 5
35, 16, 37
18
19, 29, 24
7, 29, 44
3
12, 14
33, 32, 7
41
43
11, 44
44
4
26, 30
37, 11, 37
46, 31, 37
23, 14, 14
36, 6
39
41, 27, 42
16, 19
41
40, 7, 18
21
7, 32, 7
17
1, 9, 44
1, 17, 19
13
4, 46
6
31, 20
16, 12
29, 46
10, 49, 21
49, 11, 5
11, 16, 11
28
10
11, 39, 23
16
36, 4, 9
39
48, 38
39
42, 34, 11
13, 48, 7
16
47, 3
6, 35
24, 12, 48
24, 15, 3
21, 2
37
10
36, 2, 46
26
27, 15
16, 19, 44
38, 6, 15
37, 27, 20
35, 47
47, 1
7, 10, 0
35
33
42, 16, 42
24, 15, 9
21, 22, 13
41, 4, 13
13, 43
42, 8
25
6
17
41, 42
43
13, 40, 40
48, 38, 25
1, 18, 21
43, 44, 42
24
29, 39
1, 16, 20
30, 49
9, 24
12
27
31, 1
14, 23
1, 11, 39
30
39, 38
26
41
26, 37
35
29, 49
15, 46, 43
47, 47, 30
33, 20
33
32, 4, 32
39
42, 49, 49
6
38, 45, 14
19, 33, 22
28
10, 30, 3
20
26, 32, 11
47
9
1, 5, 23
10
24, 38
18, 27
15
30, 33
2, 28, 10
7
0
9
19
7
24, 31, 49
14, 39
25, 21
47, 36
20
34, 49
42, 8
9, 43, 29
34, 14, 4
49, 23
41, 48, 30
40, 33
29, 12
40, 29
45, 23
18, 27, 22
15, 49, 30
45, 49
20
28, 2
27, 9
22, 34, 47
13
19
19
31
46
19, 8
0
20, 7
28, 7, 23
35, 31, 49
15, 5, 37
18
43, 7, 23
32, 0
19, 33
8, 30, 8
44
29, 28, 9
40, 8
26, 0
45
3
37
0
7, 10
31
35, 42, 33
25, 13, 24
32, 2
15, 32
22
35, 8
47, 45
42, 44
34
36
32, 45, 20
16
18
11, 18
41
49, 27, 36
49
29
49
30, 21
40, 37
16
28, 33
34, 39
41
49
32, 12
47
18
12, 3
8, 36
26, 39, 20
24, 1
45
14
6, 42
43, 29, 11
45
1, 37, 5
35, 48, 23
5, 35, 30
0
8, 6, 1
34, 42
48, 21
31
6, 3, 31
1
49, 14
3
23, 47
2, 27, 33
32, 31, 6
11, 11
22
40
17
35, 20, 10
49
48, 30, 27
21
18
35, 13
30
45
30
15
33
37, 25
23
31
3
32, 33, 20
3, 13
1, 18, 32
19, 30, 18
29, 46, 15
32, 49, 22
23, 38
10, 17, 1
13
16
44, 4, 14
1
45, 34, 11
10, 7
12
32, 44, 21
28, 44
20, 22
35
23, 42, 40
1, 22
39, 38
47, 20, 9
27
37, 33
35, 9
37, 7
43, 15, 44
40, 13
32
17, 14
43, 24
6, 28, 17
7, 10
47, 14
5, 36
40
42, 26, 11
6, 1
44, 16
5, 4, 41
46
4, 16
31
4
46, 33
35
30, 43
18, 37, 10
21
19, 35
36, 42
12
29, 47
7, 20
44
0
34, 37
30
45, 12, 49
2, 49, 12
25, 31
21, 5
5, 49, 29
9, 43, 10
39, 48, 37
5, 45
46, 34
40, 47, 33
26, 7
15
18, 15, 18
28, 11, 29
32
4, 24
30, 24, 30
22, 42
18, 24, 25
32, 27, 31
46, 17
46, 7
26
30, 28, 23
40, 35
47
38
30
4, 31, 3
30
34, 3, 45
25
17, 15, 49
18, 49, 47
27
44, 35, 28
24, 39
33, 39
4, 10
1, 31, 18
39
22, 45, 1
39, 39
46, 41, 16
40, 13, 18
42
24, 27, 27
13
46
26, 17
44, 6, 0
36, 31, 41
47
23, 15
2, 40, 43
5, 35, 30
1
26, 28
35, 23
48, 39, 19
49, 10, 22
26
15
20, 6, 1
8
38
40, 1
25
48
34, 36, 1
46, 3
47
42
27, 24
46, 5, 6
47, 11, 35
23
5, 20, 46
7, 12
16, 21, 28
5, 24
19, 34
29
13, 46, 39
4, 29
49, 24
31, 8, 30
13, 37, 0
46, 2, 4
12
28, 2
48, 49
3, 37
22
3, 12, 34
0
36
33
2
44
10
17, 43
27, 30
7, 46, 2
19
37, 40, 23
7
13, 40
12, 12
6, 46
42
46
18
45, 3, 25
4, 5
4, 14, 28
26
47, 25, 18
15, 4
9, 10
44, 13, 36
21, 15, 11
7
8, 3, 25
40, 33, 25
43, 31, 45
9
4
13, 20
23, 44
6
0, 43
46
5, 4
17, 32, 44
25
25, 20, 12
33, 47, 1
22, 5, 48
13, 35, 3
45
41, 39, 2
3, 10, 17
49
0, 34, 38
2, 28, 37
43, 41
6, 29
1, 9, 39
19, 48
11, 41
12
38, 22
38
25, 43, 29
34, 30
36, 41
38, 19
1
25, 15
4, 34
46, 25, 40
30, 24, 26
41, 18
4
13
30, 4
48, 40, 42
42, 16, 46
31, 5, 23
9, 44
21, 49, 10
20
4, 16
24
38, 47, 44
48
44, 12, 11
32, 14, 19
20, 13, 13
45, 46
12, 28
10
35, 46, 10
30
43, 46
44, 46
3
49
38
19, 18, 13
48, 3
22
30
47, 47
44, 1
42
21, 48
25
5, 29
48, 24, 37
6, 42
24, 37
17
45, 30
16, 24, 30
27, 37, 45
28, 21
45, 3
13
37
49
30
31
40, 9, 14
7, 24, 2
14, 44, 33
41, 26
16, 7, 6
36
36, 38
14
40
9, 17
33
45, 48
23, 10, 35
31, 39
38, 11
2
48, 28
1
35
12
34
6
23, 6, 20
1, 14, 39
32
23
24, 45, 31
1
37
21, 34, 28
29, 25, 1
27
1, 25, 43
13, 4
31, 18
34, 6
46, 36, 41
20
6
15, 24, 41
15, 11, 1
27
6, 5
48
33, 23, 16
35, 16
27, 14, 42
20, 0, 30
44, 3
35, 47, 8
17, 15
15
2, 43, 15
10, 17, 14
7
27, 0
20, 37
0
35, 35
42, 48, 31
20, 33
5, 15
20
17, 18
41
12
44, 43
11, 5, 35
14
28
32, 12, 25
16, 10, 7
47, 33
10
21, 31, 24
38, 11
20, 31, 7
37, 26
17
21, 47
9, 28, 8
11
7, 38, 32
19, 2, 42
1, 14
6
4, 44
15, 48, 43
33
14, 48
25, 27
29
27
44
12, 19, 40
42, 29, 27
11
48, 19, 3
12, 14, 41
36, 11
1, 15
18, 38
26
35, 19
40, 48
15, 41, 42
3, 3
10, 3, 27
42
28, 14
36, 1, 10
22
13, 10
28, 8
18, 16
17
27, 45
33
28, 32, 6
4, 34
48, 48
31, 8, 15
10, 38
11
3
32, 27
9, 28
7, 0
46, 44
35
1, 48, 45
28, 3, 21
9, 11, 18
43, 8, 39
18
47
42, 33
7, 43
32
21, 16
14, 27
48
43, 45
25, 14
40
27, 18, 35
22, 15, 26
27
12, 40, 38
7, 23
45
11
3, 4
43, 21, 40
37
23, 47
36, 30, 26
42
30
38, 15, 49
11, 47, 17
42
17
44, 21, 35
11, 4, 9
45
43, 26, 23
30, 22, 41
13, 48, 38
48, 14
29, 10
10, 24, 4
32, 43, 49
33, 22
23, 34, 9
43
20, 17
0, 9
10
43
39
45, 30
42, 10, 47
40, 37, 9
3, 27, 34
30, 22
46, 44
33, 10
14
17, 16
20, 4
23
7
47
5, 4
25
11
12, 8
4
44
32, 40, 49
4, 15, 17
31, 40
8, 48, 15
45, 2, 27
20, 34
6, 19
16, 25
25, 26
2
40
23
49, 0
39, 29
41, 30, 44
47, 34
31, 24, 0
21
2
31
0, 28, 21
25, 27
43, 35, 43
34, 34
24, 3
47, 31, 40
29, 31
43
16
45
35
0, 22
19, 0, 18
17
14, 40
23
1, 43, 9
13, 23, 36
39, 43, 39
30, 42, 14
41, 18
41, 37
32
32, 39
20, 9, 33
6
21
35
30, 8, 1
3, 42
13, 34, 14
4, 4, 49
26, 48
33
48, 21
7
40, 20
12, 16, 3
18
40, 28, 38
20, 49
40
49, 11
46
13, 7, 29
39
4, 47
38, 5, 7
11, 2
44
42, 45
7, 3, 27
35, 2
19
32, 6, 36
49, 33, 30
31
10, 14
15
39
4, 32, 6
17
8
10
25, 0, 30
46
21, 43, 0
47
34, 25, 36
48
31
4, 18, 48
2, 39
18, 18, 43
10, 4
16, 18, 13
49
2, 21
27, 47, 30
11, 33, 22
48, 16
8, 36, 25
25
9
9, 7, 3
7, 30
10
21
38
38
31, 16, 23
13, 39
10
23
21, 16
33, 10, 16
17
2
33, 40, 23
13
28, 11, 26
45, 15
12, 45
9, 25, 23
13, 31, 10
4
43
3, 3
5, 15, 16
44
30, 45
17
11, 6, 43
3, 30
6, 49
6
33
37, 35, 11
19
7, 21, 7
39
6, 5
1, 46, 4
38, 47, 31
6, 49, 3
46, 2
5, 14
37, 39, 5
28
23, 43
4, 6
8, 34
3
13, 2, 24
5
40, 29, 31
34
46, 39, 49
6, 38
44, 37, 5
16
35
13
28, 3, 35
42, 17, 7
40
21, 25, 25
33, 42
14, 36, 10
42, 39, 5
26, 13
13
3
11
28
47
14
23, 5, 40
32
14, 5
12
12
21, 4
40, 38
43, 27, 8
27, 39, 7
22
4, 3, 33
15
10
19, 32
2, 48
32, 15, 7
9, 36
0
30, 10, 4
22
32, 8
33, 15
25
34, 19, 19
36, 34, 43
49, 15, 34
37, 10, 19
20
6
10, 49
15
36, 10
40
45, 13, 7
21
29, 7
46
4, 15, 12
18, 26
17, 23
22, 2
23, 20
42
25
30
49
4
1, 7, 20
42, 11, 4
41
44, 39, 23
19, 6
47, 29
22, 37
36, 12, 28
26
16
8, 46, 37
7, 22, 20
22, 42
25, 32
27, 36
29, 11
12
19, 45
10, 19
47, 12, 24
37, 22
42
35
47
16, 12
47, 29
3
32, 35
38
18, 11, 46
24, 32
32, 1
0, 6, 40
1, 37, 33
31
13
46
43, 7
25
38
22, 49
44
40, 3, 13
35, 3, 35
34, 14
44
21
6
45
18, 31, 11
44
30
43
0, 45, 5
12, 21, 2
18, 35, 14
18
22
48
35, 32
44, 40
47, 14, 11
46, 42, 2
11, 39
11, 32
47, 10, 17
47
27, 1
10
27
42, 8
46, 14, 2
9, 22, 5
10, 17
26
20, 43, 45
37, 14
3, 7, 31
33
43, 30
47, 35
18, 25
4
19
39, 47
4, 9
37, 32, 47
39
3, 0, 6
5, 18, 5
32, 17, 0
41
8, 1
12
1, 16, 10
49, 2, 33
10
9, 35, 35
7, 43
1
35
20, 27, 36
18, 23, 38
15, 45, 26
4
30, 27, 14
21
1, 44
18, 31
30, 29
31, 22
6
28, 9, 35
42, 6
24, 35
14, 46, 1
38, 27, 20
36, 37
24
3
48, 5, 40
40
37, 17
44
4, 22
15
17, 36
26, 16, 7
12, 27
17, 8
31, 17
10, 4
40, 30
46, 37, 27
9, 47
5
0, 44, 13
26
7, 33
46, 35, 48
40, 32, 28
35, 42, 35
33
45, 13, 16
24
33, 9
8, 5
6, 25
2, 15, 3
12, 42, 0
15
10
10, 10, 31
43, 3, 8
44, 27, 32
49, 21
32, 44
38, 12, 4
33, 44
40, 20, 49
41, 40
14
32, 9
13
19
20, 38, 0
1, 29, 18
32
17
36, 0, 42
48, 0, 11
2, 15
37, 16, 7
9
0
11
48, 32
13, 11
18, 39, 35
12, 11, 22
30, 29
21
6
42
12, 25
29, 45
27, 35
11
25
25, 41, 43
24, 15
20, 16, 46
40, 49, 17
43, 33
4, 40, 4
4, 8
13, 29
39, 21
21, 0, 40
7
31
26, 49, 41
41
41, 31
43
17, 17, 3
18, 17, 21
2, 26
11, 46, 5
11, 47, 48
32
49, 5
43, 15, 47
40, 33, 24
8
46, 2, 13
7, 9
15, 40, 15
9
26, 45
33, 31
22, 16, 11
0, 9, 46
39, 8
12
35, 13
36
24, 15, 43
37
17, 20, 25
32, 20
18, 48, 10
5, 5
33, 26
0
30, 5
19, 29, 47
35
40, 13
23
39, 21, 9
28
5, 39
39
1, 41
30
13, 46, 32
34, 40, 30
20
5, 12
42
8, 43
28, 31, 33
1, 11
42
20
28, 38, 17
13, 0
2, 15, 23
25, 33
15, 35
4, 3
23, 35, 14
34, 4
17, 0
42
19, 13
20, 22
4
43, 32
49, 47
31, 13, 34
38
12, 30, 25
7
41, 30, 25
10
21
3
22
39
4
33
21, 10, 39
41, 17, 45
44, 28
8, 19, 32
23, 25
8, 16, 48
8, 33
9, 4
42, 29, 41
23, 16
5, 37
32, 5
20, 3
29, 39
38, 33
25, 48
36, 7, 40
4, 34
12, 36
1, 12, 12
47
31, 41
38
15, 5, 47
0, 40, 47
34
7, 48, 47
37, 33
32, 3
27, 33, 18
39, 46, 28
14, 36, 15
47, 5
33, 41
16
10, 47, 28
27, 38
20, 12
39, 38, 7
44, 18, 49
46, 29, 17
24, 29, 18
48, 13, 11
4
34, 29
44, 39, 0
46
22, 1
11, 14, 0
48, 23, 23
39, 33
39, 13
23
38, 3
7, 1
4, 20
49
41, 2, 15
32, 16, 49
7
24, 26
48
15, 3, 40
4
25, 5, 16
45
13, 22, 47
44, 22, 35
31
5, 38, 37
1, 11, 9
1, 36, 21
29
19, 9, 40
44, 11
14
40, 7, 26
23, 49
9
47
48
12, 11, 43
23, 25, 0
3
36, 29
49, 14, 41
37
14
20, 14
6, 31
30
39
14, 15
34, 45
34, 22
42, 40, 25
20
11
19, 19, 14
28, 14
47
10, 6
48, 14
9, 37
20, 45
42, 38, 36
14, 22
48
39, 14
4
42
2, 30, 44
12, 7, 45
41, 32
41, 25, 24
27, 30
7, 45
13
49, 23, 4
18
15, 6, 40
33, 44, 45
32, 22, 24
7
10, 7
2, 39, 28
15, 19
16
4, 5, 28
45
11, 42
48
1
18, 11
34, 8, 40
16, 40
32, 4, 23
15, 31
25, 7
47
24
34, 18
18, 33, 25
26, 48, 32
4, 49, 27
31, 22, 10
3
3, 23
31
8, 12
37
32, 40, 7
34, 16
28, 31
33, 0
7
31, 5, 21
1
35, 30, 18
32, 39
14
22, 14, 21
12
37
22
28, 36, 31
15, 16
29
29
43, 2, 17
31
22, 12
0
23
21
36, 40, 22
27, 46, 17
46, 34, 42
2, 49, 17
27, 7
14, 39, 24
36
36, 9, 43
26, 32, 5
40
18, 25
39
36, 28, 45
42
5
32, 25
13, 30, 42
27
48
9, 46
6, 4, 35
15, 47
3, 0, 32
8
44, 31, 17
12, 43
16
32
31
26
1, 16
5
11, 17, 16
25
32, 19
16, 36, 17
40, 47, 33
45, 29
9
31
44, 19, 27
15
5, 17, 19
28
22, 10, 6
11
13
8, 20, 10
16, 18, 4
1, 3
26, 36, 29
49
37, 33
32, 5
27
8, 42
31, 36, 11
42, 37, 42
8, 40, 47
14, 16, 11
43
2, 48
46, 11
42
16
8, 9
35, 24, 8
18
16, 46, 10
49, 42, 36
33, 12
36, 32, 46
12
16, 17, 45
24, 42, 45
24
45, 1, 14
12, 24
6, 0
20, 27, 19
11
43
46, 40, 26
22, 45
43, 9, 7
1, 31
40
44, 13, 21
46, 14, 31
23, 13
19, 35, 16
47, 48, 23
19
32
28, 21
27, 24
29, 26
36, 17
28, 18, 43
31, 9
8, 1, 23
17, 19, 24
31, 47
30
29, 15, 48
43
22
22, 29, 31
22, 29, 40
27
16
7, 18, 28
25
24, 24, 9
11, 41, 30