55, 97, 94, 37, 78, 80, 96, 65, 92, 68
46, 81, 95, 69, 4, 57, 51, 20, 42, 25
37, 78, 91, 98, 43, 88, 70, 59, 4, 30
89, 91, 83, 82, 46, 99, 74, 58, 7, 42
87, 70, 26, 5, 22, 0, 80, 64, 88, 52
0, 53, 87, 82, 14, 60, 22, 44, 52, 9
82, 84, 38, 98, 16, 78, 13, 80, 21, 77
87, 48, 0, 83, 12, 11, 74, 92, 79, 89
15, 40, 33, 50, 81, 25, 68, 43, 34, 20
4, 31, 72, 16, 52, 98, 40, 80, 29, 62
80, 15, 62, 2, 14, 61, 95, 66, 90, 77
6, 96, 71, 69, 70, 29, 92, 10, 36, 16
0, 76, 78, 96, 68, 37, 98, 53, 77, 48
11, 85, 37, 65, 10, 81, 19, 31, 72, 50
9, 7, 56, 33, 88, 25, 71, 63, 40, 99
88, 11, 0, 38, 98, 34, 55, 79, 78, 17
95, 38, 35, 92, 17, 19, 86, 11, 34, 1
8, 4, 37, 55, 9, 10, 11, 21, 69, 12
92, 71, 58, 6, 20, 1, 34, 84, 54, 7
69, 92, 51, 5, 32, 80, 3, 93, 63, 53
16, 7, 80, 62, 83, 54, 81, 76, 99, 49
16, 90, 35, 97, 12, 47, 11, 63, 87, 9
73, 79, 43, 29, 32, 33, 61, 68, 92, 84
16, 49, 99, 73, 58, 14, 39, 35, 22, 44
21, 58, 12, 51, 87, 8, 86, 41, 75, 3
58, 45, 35, 27, 66, 68, 79, 38, 63, 12
95, 0, 70, 66, 13, 40, 72, 3, 28, 35
71, 37, 32, 30, 2, 86, 40, 31, 42, 0
56, 11, 61, 16, 39, 76, 37, 10, 63, 84
24, 45, 7, 90, 38, 10, 78, 33, 51, 67
84, 64, 91, 42, 58, 9, 28, 3, 5, 81
43, 14, 75, 10, 69, 4, 41, 85, 31, 0
82, 27, 83, 3, 34, 45, 21, 65, 86, 67
48, 16, 62, 75, 53, 43, 81, 70, 60, 31
15, 4, 20, 61, 52, 30, 94, 6, 73, 25
89, 29, 18, 0, 63, 44, 65, 93, 75, 46
11, 8, 48, 83, 10, 13, 1, 9, 23, 73
49, 54, 77, 2, 17, 6, 46, 42, 59, 18
72, 89, 37, 97, 6, 54, 74, 46, 96, 68
72, 2, 96, 9, 84, 27, 11, 50, 74, 33
71, 20, 56, 94, 19, 48, 83, 45, 63, 44
35, 1, 93, 43, 24, 15, 95, 13, 12, 82
92, 8, 67, 41, 39, 87, 95, 0, 64, 88
68, 78, 41, 21, 69, 17, 11, 43, 95, 63
21, 5, 56, 62, 4, 25, 60, 63, 70, 50
71, 83, 14, 29, 47, 52, 44, 5, 6, 57
78, 88, 74, 29, 10, 42, 83, 19, 31, 39
67, 61, 91, 39, 37, 92, 72, 71, 48, 74
54, 92, 17, 71, 32, 31, 24, 29, 83, 88
65, 43, 93, 44, 32, 51, 40, 76, 33, 14
77, 9, 46, 89, 44, 5, 82, 57, 41, 23
79, 72, 65, 81, 73, 26, 21, 4, 9, 97
70, 77, 97, 82, 40, 37, 79, 6, 11, 44
96, 64, 82, 56, 31, 44, 47, 35, 48, 1
20, 36, 99, 54, 38, 97, 3, 39, 78, 66
10, 45, 0, 91, 60, 28, 22, 81, 31, 97
86, 24, 34, 35, 57, 94, 50, 28, 23, 83
89, 7, 4, 85, 38, 75, 39, 51, 98, 24
96, 9, 32, 78, 21, 64, 16, 72, 3, 92
40, 5, 45, 18, 41, 34, 30, 74, 64, 60
41, 22, 2, 27, 6, 92, 0, 95, 14, 35
92, 35, 18, 50, 75, 21, 73, 76, 5, 91
73, 20, 13, 85, 37, 57, 62, 38, 5, 29
63, 86, 79, 65, 76, 61, 96, 47, 64, 17
64, 15, 91, 72, 49, 53, 42, 28, 9, 63
47, 88, 26, 72, 77, 68, 5, 66, 7, 62
52, 49, 8, 87, 51, 40, 66, 91, 99, 89
1, 34, 0, 61, 38, 82, 73, 21, 89, 95
19, 72, 12, 30, 62, 61, 50, 77, 3, 57
45, 95, 92, 77, 66, 35, 96, 55, 3, 36
86, 44, 68, 3, 7, 22, 28, 97, 70, 99
0, 3, 20, 35, 38, 85, 73, 4, 84, 51
10, 12, 41, 14, 49, 16, 7, 66, 50, 30
13, 34, 87, 44, 99, 57, 90, 30, 56, 76
22, 59, 51, 24, 99, 25, 29, 97, 70, 55
90, 91, 35, 96, 66, 60, 93, 64, 6, 7
64, 95, 66, 73, 83, 63, 5, 71, 75, 57
58, 23, 90, 53, 29, 49, 57, 72, 50, 86
12, 93, 45, 21, 72, 90, 77, 10, 86, 73
94, 76, 33, 49, 95, 70, 1, 7, 35, 8
69, 80, 56, 35, 26, 82, 38, 8, 27, 89
78, 42, 60, 77, 45, 41, 74, 6, 62, 85
50, 24, 49, 63, 81, 59, 56, 83, 48, 27
63, 33, 5, 36, 60, 53, 91, 6, 95, 45
89, 46, 28, 96, 92, 77, 3, 73, 52, 63
60, 65, 2, 90, 27, 80, 81, 32, 58, 84
55, 51, 79, 47, 5, 20, 3, 58, 41, 89
64, 31, 18, 79, 5, 49, 41, 26, 30, 92
75, 51, 67, 7, 91, 8, 53, 4, 42, 66
37, 46, 12, 3, 39, 74, 85, 93, 21, 30
27, 88, 3, 52, 41, 39, 98, 6, 85, 64
98, 34, 2, 21, 93, 79, 37, 81, 96, 76
51, 75, 9, 88, 73, 36, 96, 0, 85, 64
41, 25, 69, 2, 97, 49, 80, 51, 95, 30
95, 51, 89, 19, 36, 64, 58, 70, 41, 68
40, 24, 97, 77, 19, 61, 12, 34, 14, 66
99, 69, 2, 88, 33, 55, 77, 62, 96, 60
54, 30, 92, 4, 37, 72, 14, 61, 59, 32
20, 77, 43, 85, 59, 66, 3, 22, 8, 65
55, 95, 59, 60, 2, 47, 13, 23, 97, 29
5, 9, 88, 81, 53, 74, 51, 40, 18, 8
42, 50, 74, 6, 87, 8, 84, 55, 40, 13
32, 37, 28, 69, 49, 1, 78, 71, 6, 85
25, 2, 65, 52, 21, 16, 49, 95, 92, 88
34, 1, 95, 89, 16, 55, 98, 61, 79, 11
41, 32, 0, 17, 95, 34, 37, 8, 56, 22
30, 85, 67, 40, 47, 53, 52, 27, 0, 11
43, 16, 51, 96, 54, 40, 0, 46, 21, 12
18, 66, 41, 40, 7, 19, 9, 82, 65, 55
85, 87, 45, 32, 34, 12, 13, 3, 5, 18
47, 15, 75, 78, 1, 23, 90, 66, 30, 62
50, 20, 52, 39, 87, 90, 75, 30, 77, 13
9, 80, 41, 53, 45, 42, 27, 79, 14, 74
9, 2, 46, 72, 12, 52, 78, 95, 68, 0
57, 55, 19, 44, 17, 29, 62, 24, 3, 4
86, 87, 14, 37, 21, 42, 59, 69, 25, 41
7, 41, 29, 31, 38, 57, 11, 93, 74, 73
36, 31, 59, 46, 21, 86, 13, 11, 19, 64
82, 75, 24, 52, 62, 43, 20, 48, 37, 59
77, 26, 70, 6, 94, 49, 21, 63, 73, 72
1, 91, 13, 72, 35, 65, 93, 34, 75, 29
68, 15, 91, 43, 74, 93, 32, 38, 23, 6
60, 86, 5, 9, 37, 76, 50, 25, 43, 10
34, 44, 69, 99, 20, 80, 5, 79, 86, 38
29, 1, 68, 11, 18, 39, 47, 20, 44, 61
0, 95, 17, 55, 80, 16, 96, 61, 60, 97
59, 35, 19, 66, 32, 78, 55, 51, 60, 20
25, 56, 77, 20, 41, 73, 18, 70, 42, 94
41, 75, 46, 38, 96, 68, 62, 47, 74, 73
40, 19, 66, 21, 68, 53, 57, 67, 7, 56
85, 19, 39, 60, 26, 11, 38, 0, 74, 77
15, 67, 30, 29, 10, 75, 61, 20, 96, 90
44, 17, 76, 33, 79, 78, 39, 29, 41, 53
67, 16, 25, 80, 71, 63, 87, 23, 91, 46
17, 41, 98, 86, 51, 5, 54, 35, 55, 75
60, 16, 40, 46, 69, 44, 72, 70, 84, 76
13, 93, 31, 87, 65, 25, 29, 97, 58, 55
15, 9, 10, 38, 77, 89, 80, 68, 20, 49
65, 43, 39, 79, 92, 6, 69, 9, 93, 10
69, 87, 8, 34, 9, 47, 31, 59, 54, 61
52, 97, 28, 88, 77, 90, 47, 18, 61, 32
14, 82, 11, 26, 96, 71, 97, 18, 59, 9
98, 54, 29, 91, 68, 56, 49, 65, 80, 21
9, 1, 11, 93, 25, 14, 6, 3, 26, 21
98, 93, 10, 66, 54, 87, 71, 68, 25, 63
46, 68, 92, 4, 98, 10, 59, 69, 77, 27
24, 58, 21, 20, 47, 53, 56, 51, 52, 38
39, 5, 52, 62, 19, 11, 95, 76, 51, 53
17, 72, 78, 64, 33, 69, 10, 4, 93, 92
93, 29, 31, 90, 86, 85, 27, 78, 4, 10
54, 46, 86, 7, 50, 19, 23, 65, 72, 4
24, 62, 11, 86, 92, 33, 66, 94, 17, 2
73, 50, 13, 35, 42, 59, 16, 0, 37, 27
60, 78, 89, 35, 42, 1, 5, 84, 73, 68
78, 21, 6, 65, 43, 94, 48, 26, 9, 47
95, 81, 86, 61, 75, 52, 54, 93, 92, 20
55, 81, 32, 21, 97, 3, 35, 9, 68, 91
26, 18, 28, 15, 94, 20, 97, 41, 68, 37
64, 35, 49, 91, 97, 12, 86, 8, 77, 89
91, 49, 20, 63, 40, 72, 9, 90, 87, 50
22, 37, 66, 81, 10, 29, 13, 74, 97, 47
53, 21, 29, 18, 79, 42, 88, 5, 52, 12
51, 44, 52, 89, 85, 87, 90, 9, 4, 60
30, 62, 25, 65, 31, 79, 75, 80, 73, 55
17, 94, 3, 64, 53, 7, 80, 30, 76, 1
34, 96, 6, 44, 82, 72, 73, 71, 27, 50
25, 91, 10, 2, 55, 89, 67, 59, 42, 23
75, 38, 50, 1, 46, 99, 29, 71, 62, 92
38, 65, 80, 26, 67, 54, 13, 1, 41, 40
15, 20, 33, 25, 1, 3, 13, 43, 81, 0
16, 80, 25, 26, 6, 37, 72, 43, 75, 3
85, 12, 75, 4, 72, 60, 70, 40, 39, 42
12, 53, 82, 91, 46, 2, 65, 83, 41, 62
67, 65, 82, 91, 15, 90, 75, 11, 69, 35
43, 18, 6, 71, 20, 16, 68, 56, 31, 40
84, 62, 31, 13, 22, 35, 26, 9, 99, 4
14, 2, 26, 13, 77, 46, 27, 63, 39, 35
12, 2, 50, 71, 74, 30, 3, 56, 47, 18
72, 42, 46, 79, 93, 11, 2, 67, 71, 37
23, 45, 47, 91, 54, 35, 80, 29, 64, 11
98, 56, 15, 80, 30, 89, 8, 44, 79, 67
77, 61, 4, 65, 52, 74, 30, 85, 71, 11
82, 43, 23, 83, 12, 38, 22, 26, 14, 63
83, 38, 67, 44, 3, 59, 56, 57, 82, 73
37, 17, 63, 98, 41, 75, 42, 51, 65, 5
58, 79, 52, 62, 91, 55, 68, 85, 77, 33
33, 96, 41, 47, 73, 14, 51, 62, 76, 92
69, 80, 40, 38, 87, 65, 4, 53, 72, 61
56, 52, 64, 95, 33, 36, 66, 48, 26, 68
20, 51, 26, 53, 4, 39, 16, 29, 9, 13
71, 70, 99, 0, 76, 6, 83, 35, 28, 68
27, 2, 38, 37, 5, 67, 0, 61, 57, 82
29, 15, 83, 38, 71, 12, 97, 3, 98, 86
86, 13, 5, 83, 88, 38, 87, 26, 0, 55
33, 84, 48, 26, 50, 96, 60, 18, 64, 43
77, 40, 90, 3, 48, 9, 19, 36, 18, 98
97, 2, 1, 78, 27, 82, 29, 31, 85, 62
81, 39, 33, 58, 46, 48, 21, 50, 1, 56
74, 61, 14, 42, 73, 56, 77, 41, 95, 92
28, 48, 98, 76, 65, 54, 42, 1, 43, 61
96, 49, 98, 51, 10, 33, 4, 88, 2
2, 40, 23, 39, 4, 97, 35, 25, 99
1, 92, 93, 69, 41, 9, 65, 63, 27
79, 78, 16, 74, 40, 62, 77, 43, 23
38, 93, 17, 40, 4, 83, 60, 51, 84
65, 35, 0, 91, 34, 93, 42, 94, 4
58, 7, 27, 47, 46, 74, 67, 41, 45
79, 52, 90, 44, 86, 87, 7, 78, 74
90, 0, 20, 62, 39, 50, 12, 10, 49
69, 38, 62, 63, 42, 51, 40, 30, 50
82, 81, 1, 33, 24, 7, 57, 0, 71
83, 28, 12, 19, 93, 38, 77, 85, 41
41, 53, 32, 24, 82, 51, 74, 49, 16
73, 32, 70, 49, 21, 54, 4, 5, 45
48, 5, 11, 45, 15, 92, 61, 52, 19
88, 45, 22, 52, 80, 20, 56, 25, 61
94, 87, 65, 91, 22, 12, 26, 66, 4
83, 25, 57, 46, 61, 2, 93, 97, 62
16, 73, 31, 76, 12, 19, 77, 21, 35
47, 73, 7, 45, 54, 24, 6, 2, 62
36, 41, 82, 77, 58, 67, 27, 70, 14
21, 28, 76, 99, 51, 34, 77, 73, 40
83, 15, 52, 28, 71, 66, 99, 51, 48
58, 84, 66, 26, 80, 12, 57, 13, 69
14, 85, 48, 93, 13, 37, 70, 31, 38
31, 63, 74, 5, 37, 17, 30, 2, 60
64, 13, 51, 54, 78, 4, 17, 76, 16
29, 27, 37, 95, 33, 44, 82, 28, 15
31, 25, 63, 84, 24, 12, 33, 67, 89
22, 43, 62, 77, 24, 27, 70, 64, 79
50, 12, 53, 43, 67, 34, 52, 51, 45
60, 68, 24, 58, 63, 22, 41, 15, 76
40, 38, 54, 60, 58, 82, 52, 67, 18
27, 78, 30, 23, 87, 84, 39, 11, 65
86, 76, 58, 19, 55, 13, 17, 5, 85
18, 52, 83, 73, 30, 16, 95, 43, 36
54, 67, 87, 99, 91, 59, 36, 97, 76
11, 67, 73, 15, 81, 4, 40, 46, 92
19, 49, 93, 89, 84, 71, 40, 61, 75
32, 88, 81, 3, 91, 20, 56, 4, 72
49, 46, 73, 20, 82, 15, 18, 61, 10
91, 57, 10, 41, 21, 8, 90, 67, 87
70, 72, 85, 5, 36, 4, 55, 20, 88
17, 45, 94, 73, 21, 30, 51, 14, 68
96, 0, 5, 28, 31, 92, 94, 49, 81
72, 45, 58, 77, 62, 87, 47, 75, 56
43, 45, 95, 32, 74, 59, 79, 26, 44
76, 75, 84, 25, 94, 53, 36, 62, 1
21, 85, 26, 75, 4, 91, 37, 62, 16
47, 71, 97, 65, 2, 41, 87, 1, 99
1, 6, 58, 79, 32, 45, 10, 35, 16
19, 48, 5, 78, 21, 17, 80, 33, 89
32, 22, 65, 39, 34, 26, 82, 74, 27
0, 46, 51, 52, 56, 70, 60, 81, 7
26, 73, 58, 53, 77, 3, 28, 78, 0
50, 54, 44, 24, 20, 41, 80, 92, 78
44, 24, 87, 38, 68, 4, 43, 17, 23
68, 34, 55, 57, 25, 65, 78, 14, 4
27, 61, 14, 37, 29, 9, 54, 35, 62
60, 89, 29, 1, 51, 99, 40, 90, 17
49, 99, 86, 47, 11, 64, 69, 74, 63
7, 96, 38, 9, 23, 32, 0, 74, 99
80, 74, 7, 88, 15, 33, 97, 20, 96
96, 5, 70, 32, 58, 60, 44, 78, 72
36, 3, 76, 20, 64, 78, 72, 73, 45
85, 17, 94, 63, 31, 71, 88, 38, 80
36, 37, 54, 81, 79, 38, 9, 20, 12
40, 9, 47, 15, 4, 46, 61, 14, 5
98, 76, 32, 97, 70, 43, 26, 7, 15
12, 69, 48, 33, 0, 6, 53, 38, 86
19, 56, 14, 78, 11, 88, 87, 30, 46
70, 86, 13, 36, 64, 98, 38, 93, 18
84, 13, 14, 32, 6, 39, 12, 74, 4
87, 95, 90, 14, 73, 68, 26, 18, 49
12, 70, 67, 94, 6, 5, 45, 19, 44
77, 76, 83, 90, 79, 1, 85, 13, 69
84, 91, 70, 46, 39, 10, 4, 94, 13
87, 83, 66, 30, 37, 19, 27, 78, 31
13, 6, 45, 35, 72, 27, 62, 43, 67
2, 55, 10, 60, 1, 47, 67, 68, 92
97, 78, 29, 45, 88, 99, 52, 75, 84
23, 57, 9, 0, 40, 63, 35, 48, 4
52, 93, 57, 89, 61, 51, 74, 3, 30
95, 6, 11, 12, 56, 55, 62, 83, 53
29, 33, 63, 85, 52, 89, 41, 92, 98
46, 39, 37, 70, 56, 81, 80, 24, 23
72, 57, 3, 2, 43, 12, 16, 36, 33
52, 66, 25, 46, 24, 71, 62, 18, 59
52, 38, 4, 44, 61, 79, 97, 36, 28
32, 58, 85, 83, 95, 57, 94, 92, 66
55, 17, 5, 57, 68, 34, 61, 32, 3
9, 18, 13, 62, 89, 20, 71, 57, 94
28, 17, 85, 77, 89, 5, 34, 11, 12
39, 65, 80, 24, 89, 82, 19, 23, 12
30, 97, 92, 81, 47, 32, 53, 58, 26
57, 16, 15, 98, 18, 93, 91, 61, 82
52, 88, 10, 8, 14, 21, 44, 82, 12
64, 13, 34, 54, 98, 17, 46, 76, 79
51, 16, 29, 3, 31, 44, 67, 54, 27
15, 43, 49, 73, 54, 60, 77, 11, 71
21, 75, 77, 0, 34, 7, 49, 80, 61
43, 93, 51, 13, 56, 57, 35, 77, 61
68, 19, 80, 1, 27, 47, 38, 94, 55
74, 62, 96, 77, 12, 84, 13, 83, 28
13, 96, 69, 33, 65, 84, 41, 71, 29
90, 55, 21, 1, 35, 72, 57, 64, 25
40, 77, 48, 99, 94, 97, 88, 20, 82
35, 47, 17, 54, 89, 6, 74, 61, 11
49, 66, 8, 60, 54, 25, 28, 11, 76
17, 63, 54, 91, 88, 0, 23, 69, 51
30, 63, 21, 17, 59, 23, 47, 13, 91
96, 29, 74, 81, 78, 62, 16, 97, 11
70, 55, 64, 45, 81, 91, 29, 31, 59
1, 57, 52, 20, 24, 17, 15, 35, 47
0, 4, 88, 30, 42, 15, 46, 51, 45
45, 50, 44, 85, 71, 30, 31, 6, 61
80, 82, 27, 20, 96, 32, 30, 8, 36
78, 28, 93, 50, 46, 81, 92, 96, 15
92, 66, 95, 17, 77, 22, 62, 71, 46
48, 2, 67, 49, 1, 57, 45, 65, 84
65, 58, 46, 23, 51, 12, 80, 50, 17
84, 14, 26, 32, 77, 83, 30, 86, 63
29, 43, 14, 66, 0, 34, 36, 88, 97
98, 39, 48, 31, 94, 10, 12, 66, 95
43, 45, 35, 70, 38, 34, 95, 29, 46
47, 35, 16, 31, 67, 50, 2, 11, 52
29, 67, 46, 9, 4, 28, 99, 18, 5
10, 16, 55, 3, 99, 34, 76, 62, 28
19, 77, 6, 38, 3, 15, 40, 25, 70
72, 28, 53, 49, 20, 46, 22, 60, 15
66, 92, 34, 90, 5, 11, 87, 57, 52
69, 92, 26, 46, 67, 48, 97, 95, 12
48, 54, 3, 64, 22, 57, 84, 21, 75
31, 71, 30, 43, 90, 87, 49, 96, 83
16, 70, 48, 76, 35, 53, 5, 88, 75
1, 10, 92, 90, 22, 55, 16, 18, 31
28, 88, 21, 89, 2, 92, 66, 78, 22
85, 24, 33, 78, 74, 91, 65, 9, 73
1, 56, 63, 31, 94, 85, 43, 33, 38
54, 57, 72, 32, 90, 34, 64, 21, 41
24, 78, 84, 69, 95, 55, 75, 66, 76
75, 38, 50, 18, 74, 10, 69, 39, 0
7, 18, 77, 52, 32, 71, 70, 68, 83
88, 51, 58, 99, 83, 15, 67, 82, 50
40, 97, 23, 67, 48, 93, 50, 4, 19
79, 62, 26, 35, 95, 57, 11, 5, 68
75, 47, 91, 19, 82, 38, 65, 64, 93
29, 85, 1, 42, 11, 52, 67, 54, 62
88, 0, 30, 21, 90, 13, 57, 77, 15
87, 18, 75, 1, 16, 46, 62, 40, 88
57, 63, 47, 6, 92, 34, 53, 19, 64
70, 55, 48, 86, 5, 63, 44, 8, 60
52, 49, 4, 93, 10, 31, 18, 0, 21
29, 39, 98, 69, 75, 53, 65, 64, 52
53, 46, 81, 6, 63, 23, 3, 41, 45
23, 55, 8, 48, 11, 36, 29, 81, 62
76, 58, 53, 2, 85, 72, 80, 1, 75
96, 34, 38, 94, 7, 4, 40, 10, 78
55, 52, 44, 75, 9, 6, 32, 49, 72
64, 91, 27, 39, 84, 31, 57, 30, 26
17, 83, 30, 29, 40, 57, 96, 70, 77
24, 3, 81, 90, 53, 31, 78, 56, 36
37, 18, 24, 62, 69, 26, 58, 10, 9
40, 44, 66, 80, 59, 92, 25, 23, 65
64, 25, 58, 48, 56, 94, 7, 95, 31
95, 11, 7, 85, 77, 98, 30, 35, 45
64, 58, 8, 89, 85, 70, 6, 95, 61
43, 8, 26, 33, 53, 77, 69, 29, 72
97, 29, 66, 61, 90, 45, 13, 3, 74
80, 16, 19, 78, 37, 43, 50, 55, 69
90, 23, 40, 63, 57, 94, 39, 97, 4
44, 98, 45, 92, 93, 15, 96, 40, 0
7, 12, 9, 15, 27, 56, 43, 47, 21
8, 4, 63, 76, 11, 25, 81, 41, 33
14, 62, 23, 5, 41, 77, 57, 20, 80
42, 88, 15, 84, 19, 26, 73, 18, 13
74, 94, 46, 53, 14, 58, 42, 47, 37
19, 82, 23, 52, 4, 65, 41, 9, 56
82, 67, 93, 55, 52, 40, 26, 98, 6
47, 61, 12, 87, 39, 8, 83, 81, 54
56, 45, 92, 69, 97, 94, 14, 54, 53
81, 97, 58, 1, 57, 67, 6, 72, 98
81, 69, 33, 79, 23, 71, 61, 72, 48
38, 67, 2, 28, 90, 31, 13, 59, 1
99, 23, 58, 89, 27, 82, 19, 65, 85
34, 48, 80, 55, 81, 58, 84, 73, 76
18, 14, 83, 74, 15, 40, 44, 57, 56
9, 1, 24, 13, 27, 6, 63, 34, 64
23, 94, 86, 79, 36, 46, 84, 27, 82
64, 32, 34, 9, 16, 65, 94, 91, 84
56, 26, 71, 92, 55, 38, 23, 12, 83
83, 91, 86, 44, 13, 18, 32, 76, 39
22, 26, 13, 19, 39, 2, 40, 85, 72
21, 2, 7, 25, 46, 60, 67, 11, 29
30, 76, 82, 22, 88, 70, 91, 49, 79
87, 99, 25, 3, 14, 68, 64, 65, 15
82, 3, 91, 29, 92, 34, 77, 38, 61
46, 85, 77, 62, 90, 92, 30, 94, 34
57, 89, 79, 53, 15, 29, 36, 64, 20
16, 9, 89, 11, 65, 48, 90, 96, 80
72, 98, 44, 53, 14, 16, 42, 69
27, 73, 49, 6, 57, 10, 53, 74
64, 95, 72, 67, 20, 48, 34, 16
37, 24, 89, 43, 13, 86, 18, 50
34, 59, 35, 50, 66, 33, 10, 21
12, 72, 11, 29, 88, 68, 6, 0
66, 10, 7, 99, 70, 80, 48, 16
60, 29, 45, 21, 13, 85, 87, 72
68, 43, 10, 14, 50, 24, 4, 56
23, 59, 91, 78, 98, 49, 5, 54
35, 63, 46, 89, 43, 6, 78, 36
88, 66, 1, 98, 41, 18, 3, 87
12, 95, 67, 84, 61, 62, 3, 98
34, 79, 97, 41, 26, 76, 84, 6
18, 11, 62, 58, 95, 51, 5, 16
63, 24, 67, 0, 34, 76, 43, 37
44, 41, 16, 78, 64, 84, 92, 29
29, 8, 25, 20, 54, 88, 55, 56
47, 13, 74, 70, 89, 84, 25, 63
31, 66, 12, 11, 27, 76, 45, 25
43, 41, 1, 26, 89, 18, 10, 76
11, 97, 84, 85, 35, 14, 48, 42
66, 47, 21, 63, 24, 31, 18, 60
14, 47, 30, 94, 80, 39, 72, 32
75, 58, 4, 79, 65, 50, 69, 3
25, 34, 29, 41, 73, 78, 10, 91
75, 51, 20, 2, 23, 9, 19, 4
60, 81, 93, 41, 47, 46, 89, 5
69, 51, 12, 85, 17, 11, 58, 1
27, 78, 49, 22, 44, 19, 61, 60
94, 7, 90, 59, 4, 63, 79, 98
61, 29, 22, 69, 38, 94, 99, 86
36, 48, 3, 16, 1, 65, 90, 26
28, 32, 8, 24, 51, 54, 36, 82
67, 38, 27, 15, 57, 9, 17, 51
74, 68, 4, 46, 71, 73, 44, 3
39, 19, 72, 77, 45, 63, 16, 75
76, 50, 98, 16, 64, 56, 97, 38
10, 86, 76, 97, 74, 35, 27, 77
40, 12, 17, 81, 15, 76, 47, 71
30, 68, 32, 72, 83, 4, 89, 53
18, 74, 95, 2, 66, 4, 59, 10
8, 85, 35, 3, 69, 84, 36, 33
37, 80, 42, 94, 62, 17, 77, 70
5, 52, 58, 90, 89, 75, 99, 51
80, 67, 34, 69, 76, 83, 42, 91
56, 9, 45, 43, 38, 11, 49, 75
99, 44, 50, 16, 48, 52, 31, 26
71, 66, 96, 9, 33, 55, 46, 27
60, 35, 82, 23, 27, 88, 51, 1
21, 43, 95, 23, 90, 84, 7, 9
70, 62, 0, 11, 80, 4, 96, 31
36, 75, 65, 84, 71, 34, 63, 31
83, 55, 70, 53, 60, 89, 30, 44
89, 49, 92, 47, 25, 12, 34, 91
96, 86, 72, 13, 92, 95, 75, 24
51, 55, 1, 66, 86, 7, 16, 59
92, 73, 0, 15, 71, 29, 68, 2
98, 80, 12, 73, 29, 41, 10, 49
65, 85, 36, 81, 72, 89, 13, 75
69, 41, 20, 99, 51, 43, 49, 53
66, 86, 50, 19, 73, 0, 10, 5
90, 89, 74, 37, 25, 69, 6, 24
27, 67, 31, 47, 94, 26, 81, 12
4, 35, 71, 28, 22, 10, 30, 73
5, 57, 42, 25, 69, 10, 2, 11
28, 26, 79, 89, 97, 37, 12, 66
53, 28, 45, 96, 98, 10, 60, 39
2, 92, 93, 11, 67, 77, 50, 13
9, 40, 68, 39, 51, 63, 60, 97
58, 66, 32, 93, 45, 48, 57, 62
97, 75, 33, 12, 5, 47, 13, 84
63, 69, 36, 25, 20, 54, 27, 49
93, 31, 99, 25, 83, 6, 1, 71
48, 25, 14, 84, 91, 33, 1, 21
16, 61, 68, 98, 89, 70, 42, 3
66, 69, 23, 81, 19, 12, 54, 30
4, 85, 58, 35, 65, 1, 72, 24
99, 61, 4, 65, 16, 18, 34, 8
30, 66, 83, 67, 34, 25, 24, 88
38, 37, 6, 30, 83, 2, 91, 57
61, 4, 85, 19, 63, 87, 35, 16
46, 61, 37, 16, 41, 47, 83, 86
73, 61, 94, 28, 69, 27, 55, 86
62, 50, 12, 86, 61, 97, 56, 74
88, 80, 91, 48, 73, 79, 15, 67
17, 7, 76, 67, 57, 53, 18, 43
93, 39, 17, 33, 74, 86, 4, 82
86, 12, 74, 50, 13, 79, 21, 90
2, 35, 95, 7, 27, 85, 19, 6
97, 83, 12, 15, 75, 34, 32, 4
5, 47, 65, 27, 0, 53, 42, 79
5, 65, 27, 55, 97, 52, 79, 10
74, 2, 32, 12, 71, 9, 41, 18
60, 39, 82, 98, 63, 64, 77, 75
28, 48, 71, 54, 73, 16, 91, 86
81, 14, 18, 1, 26, 27, 78, 4
59, 25, 68, 15, 44, 45, 79, 70
56, 83, 78, 40, 38, 89, 37, 81
74, 38, 7, 1, 82, 48, 31, 11
11, 7, 68, 79, 93, 86, 60, 5
85, 7, 94, 46, 82, 54, 14, 33
35, 75, 24, 85, 80, 30, 29, 99
60, 68, 32, 97, 59, 57, 54, 34
65, 30, 98, 20, 26, 93, 60, 55
65, 88, 87, 53, 89, 30, 55, 41
30, 73, 12, 34, 97, 88, 46, 45
76, 31, 5, 45, 21, 81, 97, 50
1, 18, 87, 8, 0, 48, 15, 22
67, 50, 53, 75, 61, 60, 10, 68
24, 36, 23, 22, 81, 74, 39, 50
13, 69, 4, 62, 72, 38, 52, 75
99, 37, 64, 63, 34, 91, 53, 73
37, 84, 73, 90, 30, 13, 12, 50
92, 60, 48, 64, 39, 11, 97, 34
12, 95, 26, 61, 65, 18, 44, 96
68, 38, 40, 42, 65, 3, 46, 8
58, 67, 18, 3, 70, 41, 84, 31
32, 76, 20, 1, 45, 68, 40, 39
0, 13, 12, 94, 2, 47, 50, 79
66, 30, 14, 84, 45, 88, 44, 64
69, 71, 57, 97, 14, 91, 94, 66
45, 55, 86, 78, 21, 70, 10, 88
55, 49, 88, 56, 15, 13, 16, 11
14, 71, 66, 46, 96, 49, 25, 86
4, 59, 85, 61, 34, 97, 16, 2
96, 32, 67, 82, 95, 9, 50, 37
90, 72, 35, 62, 49, 67, 70, 92
62, 19, 65, 28, 86, 10, 73, 70
67, 31, 35, 20, 17, 55, 37, 12
59, 40, 33, 15, 32, 76, 25, 12
69, 53, 94, 87, 12, 65, 81, 0
93, 1, 31, 79, 3, 42, 60, 58
57, 80, 30, 76, 69, 77, 19, 7
36, 26, 69, 51, 86, 78, 79, 55
19, 74, 99, 40, 27, 98, 18, 84
82, 14, 16, 37, 27, 22, 17, 50
6, 29, 35, 45, 87, 48, 12, 50
69, 96, 90, 95, 58, 98, 92, 89
38, 6, 84, 46, 25, 70, 12, 17
78, 21, 92, 9, 80, 91, 44, 26
33, 82, 81, 61, 25, 88, 67, 56
27, 29, 71, 17, 69, 54, 12, 59
46, 9, 7, 69, 44, 5, 91, 17
95, 90, 50, 70, 4, 21, 3, 58
48, 55, 7, 88, 11, 3, 97, 83
78, 49, 33, 14, 20, 53, 95, 73
77, 51, 31, 50, 0, 93, 3, 89
66, 42, 81, 56, 35, 69, 17, 14
55, 43, 65, 51, 62, 44, 61, 80
55, 46, 33, 30, 73, 75, 69, 56
13, 52, 96, 57, 48, 2, 94, 70
20, 58, 37, 9, 69, 25, 54, 60
54, 2, 51, 19, 26, 18, 49, 93
64, 68, 26, 88, 65, 73, 25, 91
92, 72, 57, 73, 1, 74, 0, 16
88, 84, 6, 23, 89, 96, 71, 49
97, 24, 88, 62, 34, 8, 1, 6
44, 88, 90, 73, 56, 2, 89, 65
10, 21, 42, 24, 79, 14, 46, 49
48, 79, 4, 12, 42, 94, 72, 19
85, 31, 20, 84, 83, 58, 28, 1
13, 81, 70, 50, 35, 87, 48, 27
36, 24, 84, 63, 1, 6, 97, 20
92, 16, 88, 50, 8, 28, 36, 81
97, 94, 28, 43, 76, 33, 40, 27
29, 43, 44, 31, 10, 88, 32, 0
76, 75, 30, 12, 81, 43, 68, 62
40, 66, 49, 77, 44, 7, 0, 67
41, 26, 3, 24, 42, 49, 35, 82
19, 13, 55, 81, 88, 25, 33, 11
94, 51, 54, 65, 53, 31, 99, 45
35, 5, 80, 59, 72, 85, 47, 1
75, 29, 16, 26, 10, 30, 47, 78
7, 40, 59, 83, 6, 26, 46, 81
67, 25, 81, 65, 52, 14, 45, 57
70, 75, 85, 20, 7, 74, 57, 39
42, 99, 35, 93, 88, 79, 20, 84
4, 50, 28, 53, 33, 35, 74, 82
93, 31, 12, 34, 98, 80, 2, 74
13, 14, 57, 88, 74, 18, 69, 35
72, 73, 30, 27, 68, 57, 11, 59
16, 94, 54, 63, 84, 20, 60, 9
58, 81, 98, 7, 8, 96, 72, 85
44, 74, 61, 22, 13, 14, 38, 54
85, 92, 54, 18, 3, 77, 49, 78
28, 40, 39, 95, 25, 5, 43, 31
72, 99, 63, 85, 38, 15, 78, 30
19, 22, 78, 4, 84, 59, 85, 76
37, 80, 98, 72, 11, 23, 94, 43
61, 10, 78, 36, 3, 0, 14, 30
57, 88, 96, 41, 38, 58, 76, 49
49, 96, 42, 25, 33, 19, 63, 68
14, 15, 66, 5, 93, 89, 60, 6
38, 49, 69, 27, 56, 4, 11, 61
5, 29, 71, 17, 10, 87, 12, 4
14, 36, 51, 49, 40, 96, 99, 15
5, 63, 39, 12, 94, 33, 77, 55
38, 51, 41, 79, 27, 35, 55, 73
3, 70, 92, 6, 68, 2, 21, 20
73, 75, 18, 48, 56, 72, 1
29, 13, 40, 57, 47, 4, 82
40, 0, 61, 8, 86, 46, 89
41, 62, 93, 54, 59, 39, 8
5, 48, 22, 92, 68, 37, 41
92, 72, 29, 62, 11, 46, 76
71, 55, 28, 35, 72, 43, 90
91, 98, 28, 45, 48, 14, 75
53, 57, 97, 23, 42, 44, 67
65, 76, 59, 21, 15, 19, 8
36, 11, 61, 71, 39, 20, 13
52, 92, 86, 18, 53, 57, 13
23, 60, 6, 51, 27, 85, 15
28, 90, 36, 76, 65, 8, 38
72, 64, 4, 56, 82, 0, 11
69, 49, 26, 13, 23, 43, 59
82, 58, 13, 47, 21, 32, 53
69, 37, 88, 16, 59, 58, 71
61, 88, 83, 52, 41, 37, 63
49, 76, 25, 13, 94, 68, 92
50, 58, 37, 70, 22, 26, 72
75, 87, 84, 32, 78, 33, 36
22, 67, 11, 7, 4, 85, 24
1, 97, 64, 38, 27, 94, 18
63, 81, 40, 68, 1, 55, 32
71, 80, 87, 47, 95, 89, 6
79, 4, 93, 7, 65, 51, 70
9, 5, 16, 81, 3, 83, 78
25, 22, 60, 30, 66, 78, 80
8, 98, 76, 37, 62, 12, 38
18, 77, 42, 57, 9, 53, 46
67, 80, 93, 39, 17, 73, 79
78, 31, 46, 35, 98, 13, 66
32, 64, 13, 40, 66, 63, 85
32, 75, 27, 6, 85, 71, 46
81, 43, 40, 36, 26, 79, 61
84, 10, 70, 44, 9, 76, 55
10, 23, 9, 2, 11, 12, 50
92, 13, 35, 43, 87, 63, 88
28, 7, 59, 66, 70, 43, 64
21, 95, 49, 87, 30, 29, 25
41, 54, 35, 27, 59, 53, 80
45, 23, 17, 69, 61, 1, 58
54, 63, 82, 15, 32, 73, 11
1, 78, 8, 96, 31, 13, 79
22, 5, 30, 46, 1, 6, 16
14, 38, 0, 59, 86, 15, 10
88, 35, 4, 51, 42, 23, 43
9, 64, 6, 74, 51, 39, 67
30, 57, 36, 97, 7, 22, 58
44, 51, 86, 82, 95, 73, 28
76, 67, 26, 86, 49, 66, 65
52, 73, 5, 98, 69, 3, 86
8, 44, 35, 77, 48, 39, 97
37, 21, 1, 59, 25, 77, 41
50, 64, 69, 65, 0, 20, 84
73, 69, 8, 7, 24, 12, 58
10, 95, 58, 46, 48, 23, 92
22, 34, 17, 97, 15, 41, 48
88, 72, 44, 43, 16, 66, 33
41, 80, 43, 91, 28, 3, 6
54, 56, 13, 46, 11, 50, 86
60, 24, 53, 91, 46, 34, 88
92, 67, 34, 90, 11, 55, 15
69, 65, 34, 8, 5, 92, 84
75, 17, 70, 47, 10, 73, 82
36, 35, 67, 57, 4, 64, 73
51, 26, 66, 11, 79, 58, 73
29, 94, 75, 17, 92, 44, 48
19, 45, 11, 0, 82, 98, 12
73, 56, 58, 97, 94, 11, 23
75, 91, 59, 11, 60, 73, 84
78, 87, 1, 48, 77, 19, 56
84, 81, 95, 36, 62, 79, 85
49, 41, 72, 65, 94, 24, 32
27, 42, 95, 22, 76, 13, 5
6, 5, 91, 26, 3, 57, 72
20, 57, 34, 99, 67, 51, 35
88, 21, 98, 13, 38, 40, 52
82, 45, 68, 10, 60, 20, 21
75, 58, 4, 46, 74, 87, 25
21, 59, 53, 61, 67, 40, 25
63, 90, 21, 55, 10, 49, 95
15, 69, 50, 9, 37, 79, 22
57, 97, 0, 44, 23, 33, 99
95, 44, 99, 86, 52, 50, 60
45, 65, 8, 66, 24, 93, 22
91, 58, 49, 45, 99, 25, 36
71, 87, 61, 0, 83, 20, 74
79, 77, 27, 65, 10, 64, 33
32, 51, 87, 73, 40, 55, 92
91, 84, 95, 37, 13, 47, 50
90, 46, 19, 11, 87, 99, 61
57, 50, 3, 20, 66, 35, 76
14, 52, 85, 84, 30, 60, 15
15, 33, 16, 84, 26, 74, 23
92, 30, 15, 11, 48, 45, 82
82, 87, 60, 48, 25, 41, 86
77, 69, 76, 72, 64, 38, 74
90, 40, 54, 15, 64, 23, 87
36, 54, 75, 18, 39, 17, 92
22, 95, 1, 62, 88, 51, 84
31, 65, 91, 92, 78, 25, 68
85, 76, 57, 21, 42, 40, 32
57, 31, 22, 78, 64, 21, 6
38, 37, 46, 79, 32, 40, 94
63, 22, 76, 4, 2, 75, 79
34, 83, 53, 63, 14, 74, 81
20, 35, 48, 4, 43, 54, 55
98, 64, 73, 94, 53, 42, 16
57, 77, 31, 83, 95, 86, 78
38, 44, 41, 2, 50, 84, 94
5, 97, 92, 19, 59, 43, 12
42, 28, 40, 63, 58, 3, 34
48, 37, 15, 88, 27, 91, 94
87, 16, 53, 84, 70, 56, 86
75, 74, 72, 4, 36, 38, 54
17, 25, 4, 76, 66, 23, 78
36, 48, 87, 97, 68, 81, 75
66, 91, 77, 39, 5, 69, 33
38, 7, 55, 61, 96, 48, 92
2, 50, 40, 99, 79, 76, 51
60, 71, 30, 8, 12, 58, 52
33, 40, 36, 59, 9, 99, 28
17, 33, 2, 12, 13, 64, 42
19, 67, 71, 14, 36, 55, 48
31, 21, 24, 99, 44, 11, 90
15, 95, 11, 80, 32, 97, 89
65, 70, 77, 7, 69, 73, 20
25, 52, 0, 87, 51, 26, 98
60, 58, 55, 56, 53, 5, 93
47, 63, 34, 71, 81, 70, 2
6, 74, 19, 61, 16, 75, 53
29, 85, 35, 68, 46, 26, 58
28, 51, 95, 16, 66, 43, 62
30, 63, 0, 97, 79, 93, 6
23, 34, 38, 36, 73, 95, 81
84, 47, 81, 90, 96, 63, 88
65, 48, 11, 82, 9, 64, 57
41, 36, 42, 54, 71, 81, 43
16, 4, 92, 99, 77, 20, 9
34, 72, 7, 16, 46, 18, 53
48, 1, 27, 17, 15, 19, 18
7, 76, 5, 62, 45, 14, 68
19, 55, 96, 60, 56, 31, 69
82, 54, 88, 63, 92, 13, 37
42, 29, 38, 20, 2, 25, 44
91, 37, 38, 11, 71, 46, 58
54, 47, 7, 58, 28, 84, 17
14, 16, 42, 25, 49, 47, 83
46, 1, 28, 21, 66, 91, 61
3, 99, 18, 37, 51, 66, 64
70, 84, 49, 68, 12, 82, 65
88, 36, 54, 31, 46, 12, 56
42, 5, 21, 86, 81, 93, 66
71, 13, 22, 73, 15, 43, 75
4, 79, 64, 13, 50, 23, 48
3, 65, 88, 56, 59, 66, 23
65, 34, 6, 18, 97, 64, 35
39, 22, 9, 61, 56, 87, 6
3, 1, 26, 97, 78, 9, 52
95, 60, 14, 50, 0, 66, 62
19, 9, 4, 43, 3, 93, 46
21, 38, 25, 20, 14, 72, 45
59, 81, 99, 27, 41, 32, 80
74, 19, 17, 93, 52, 30, 15
15, 12, 39, 52, 40, 17, 30
26, 52, 73, 79, 57, 4, 11
89, 38, 74, 42, 4, 37, 82
20, 71, 84, 21, 22, 88, 47
3, 80, 46, 86, 78, 94, 19
79, 75, 71, 16, 89, 81, 26
36, 16, 46, 5, 1, 88, 64
68, 12, 90, 94, 32, 63, 74
66, 74, 53, 29, 73, 90, 12
42, 55, 95, 78, 91, 65, 52
86, 21, 29, 32, 38, 97, 83
2, 63, 17, 47, 64, 48, 56
27, 1, 45, 16, 23, 40, 77
75, 65, 16, 84, 54, 92, 88
4, 0, 87, 46, 70, 71, 82
55, 8, 2, 97, 45, 58, 27
8, 7, 25, 29, 69, 1, 84
44, 41, 82, 16, 75, 88, 24
78, 75, 30, 64, 55, 12, 1
77, 98, 42, 70, 12, 38, 6
25, 83, 69, 21, 73, 40, 86
84, 59, 91, 81, 73, 46, 89
75, 42, 29, 64, 27, 25, 97
1, 73, 49, 3, 15, 86, 50
24, 80, 13, 30, 67, 10, 18
39, 51, 94, 19, 86, 32, 28
6, 53, 46, 66, 0, 18, 95
77, 20, 71, 51, 84, 36, 13
40, 47, 61, 60, 66, 3, 74
98, 56, 22, 73, 35, 75, 36
73, 60, 27, 24, 31, 87, 13
58, 27, 30, 87, 61, 18, 56
98, 90, 99, 70, 42, 57, 2
86, 11, 54, 16, 64, 70, 92
97, 15, 28, 57, 17, 34
18, 57, 62, 95, 14, 74
61, 54, 75, 19, 50, 95
94, 88, 95, 19, 63, 93
14, 42, 60, 31, 23, 21
98, 77, 60, 63, 7, 95
89, 48, 63, 76, 34, 72
84, 66, 19, 50, 88, 80
84, 40, 80, 0, 93, 99
81, 7, 57, 17, 16, 6
60, 84, 7, 48, 64, 16
13, 76, 95, 22, 34, 46
48, 65, 35, 81, 87, 40
0, 74, 57, 1, 8, 97
71, 18, 41, 21, 5, 75
86, 98, 78, 5, 34, 79
2, 58, 1, 39, 36, 12
43, 6, 66, 29, 12, 50
63, 3, 74, 46, 33, 15
98, 61, 97, 40, 20, 39
19, 57, 45, 95, 92, 96
10, 40, 47, 25, 84, 70
22, 75, 31, 10, 68, 70
96, 71, 53, 46, 44, 26
53, 3, 36, 62, 55, 15
26, 90, 75, 39, 54, 74
95, 14, 68, 62, 35, 92
56, 6, 96, 53, 34, 32
48, 81, 5, 82, 59, 69
4, 94, 14, 65, 44, 53
77, 50, 98, 78, 6, 27
39, 13, 12, 89, 64, 28
50, 21, 79, 93, 84, 23
36, 96, 39, 89, 43, 18
56, 45, 30, 39, 78, 93
3, 85, 8, 68, 54, 56
91, 52, 73, 97, 66, 22
80, 59, 28, 87, 11, 74
3, 33, 45, 6, 87, 53
71, 73, 61, 6, 80, 62
8, 31, 87, 47, 64, 93
46, 50, 90, 97, 10, 91
7, 5, 82, 21, 28, 85
41, 82, 0, 56, 78, 8
60, 46, 26, 86, 52, 8
12, 78, 27, 74, 83, 88
37, 41, 74, 10, 75, 85
88, 57, 7, 84, 39, 17
76, 68, 57, 9, 12, 41
39, 69, 24, 63, 62, 19
8, 87, 67, 15, 39, 95
99, 46, 1, 87, 74, 62
99, 81, 67, 44, 79, 40
65, 21, 66, 85, 2, 16
45, 99, 63, 83, 76, 35
46, 99, 1, 88, 58, 34
11, 46, 59, 96, 19, 8
0, 46, 27, 65, 22, 47
56, 51, 29, 83, 25, 14
60, 44, 0, 25, 45, 94
94, 43, 28, 53, 50, 84
21, 85, 7, 16, 66, 24
83, 70, 44, 71, 50, 1
42, 59, 7, 8, 50, 34
8, 2, 20, 15, 53, 99
0, 10, 76, 88, 84, 16
73, 61, 50, 0, 13, 94
13, 9, 54, 34, 51, 31
63, 93, 30, 69, 89, 35
68, 98, 91, 23, 24, 10
54, 88, 55, 20, 41, 63
91, 54, 36, 25, 65, 67
66, 17, 15, 22, 25, 62
22, 23, 29, 19, 28, 91
39, 77, 93, 30, 11, 21
77, 48, 13, 9, 56, 42
7, 15, 36, 73, 29, 82
43, 97, 69, 3, 89, 40
43, 49, 4, 37, 51, 84
72, 23, 14, 30, 5, 51
50, 27, 84, 95, 39, 18
22, 78, 31, 66, 5, 39
44, 57, 75, 50, 38, 72
30, 80, 36, 58, 62, 34
66, 91, 35, 40, 2, 8
25, 50, 37, 69, 28, 5
21, 49, 7, 5, 22, 19
52, 56, 29, 81, 31, 48
98, 4, 8, 43, 16, 45
66, 17, 94, 62, 89, 82
68, 76, 50, 64, 66, 39
98, 51, 16, 26, 80, 3
36, 81, 63, 82, 59, 40
91, 27, 94, 90, 87, 10
84, 74, 99, 49, 68, 65
86, 90, 1, 88, 43, 37
35, 27, 67, 13, 28, 98
19, 90, 95, 50, 20, 38
25, 23, 46, 60, 42, 6
85, 72, 30, 97, 13, 86
23, 13, 44, 72, 82, 21
56, 92, 49, 74, 55, 38
74, 47, 79, 19, 95, 36
11, 76, 1, 14, 26, 75
43, 28, 34, 7, 88, 74
63, 82, 97, 49, 32, 96
54, 39, 75, 49, 3, 23
59, 94, 51, 72, 11, 50
63, 93, 0, 72, 20, 11
57, 13, 56, 24, 73, 4
53, 8, 75, 46, 54, 94
48, 30, 81, 40, 46, 53
56, 25, 29, 10, 7, 60
63, 51, 9, 82, 39, 83
94, 31, 67, 86, 17, 20
76, 16, 22, 79, 54, 11
98, 59, 30, 35, 17, 72
34, 87, 15, 71, 60, 32
7, 79, 91, 37, 75, 57
40, 73, 37, 83, 35, 7
43, 94, 91, 62, 48, 69
95, 73, 70, 93, 9, 91
13, 95, 82, 62, 2, 39
0, 5, 44, 15, 75, 62
78, 84, 34, 74, 42, 55
44, 84, 26, 75, 71, 62
14, 83, 12, 20, 95, 50
38, 6, 92, 78, 66, 63
5, 75, 61, 81, 20, 15
77, 7, 67, 31, 91, 93
93, 47, 74, 40, 78, 57
43, 96, 6, 37, 33, 63
58, 42, 57, 27, 40, 68
48, 87, 4, 86, 61, 30
64, 13, 42, 1, 20, 99
8, 0, 54, 40, 91, 38
44, 91, 24, 52, 63, 3
11, 99, 34, 56, 36, 53
32, 99, 45, 2, 88, 76
94, 16, 23, 1, 86, 9
57, 35, 7, 62, 89, 58
67, 82, 60, 55, 20, 35
69, 3, 59, 32, 4, 87
45, 2, 81, 46, 90, 26
71, 17, 36, 6, 80, 26
79, 93, 98, 95, 31, 69
16, 36, 94, 25, 59, 52
69, 11, 59, 38, 64, 30
70, 94, 40, 53, 4, 20
84, 43, 12, 55, 59, 15
50, 8, 87, 15, 1, 83
32, 7, 61, 22, 88, 93
73, 18, 58, 59, 8, 10
4, 50, 2, 51, 74, 31
17, 88, 22, 92, 63, 60
13, 93, 21, 5, 34, 78
58, 30, 8, 87, 47, 1
25, 96, 97, 52, 66, 23
39, 46, 95, 40, 13, 18
34, 73, 3, 5, 99, 60
5, 32, 39, 35, 95, 79
97, 41, 64, 19, 85, 24
93, 94, 80, 3, 47, 23
57, 97, 75, 91, 60, 52
13, 19, 77, 51, 56, 66
64, 65, 98, 47, 86, 18
76, 83, 71, 77, 37, 22
21, 51, 7, 97, 15, 71
11, 12, 7, 18, 79, 89
89, 85, 69, 2, 81, 33
65, 8, 10, 57, 36, 2
75, 9, 7, 14, 53, 46
29, 17, 61, 51, 0, 2
91, 41, 27, 7, 89, 54
81, 12, 1, 41, 50, 38
66, 32, 21, 83, 28, 68
94, 83, 61, 56, 93, 74
55, 70, 3, 91, 39, 18
21, 8, 2, 71, 13, 76
31, 65, 23, 49, 98, 16
75, 49, 4, 99, 82, 32
73, 96, 93, 23, 45, 25
7, 72, 43, 76, 69, 49
17, 43, 69, 32, 7, 56
23, 50, 19, 0, 15, 25
97, 38, 27, 6, 4, 50
76, 95, 57, 51, 10, 45
51, 34, 82, 54, 78, 40
78, 52, 4, 89, 35, 53
8, 18, 2, 38, 5, 56
19, 46, 43, 6, 39, 89
56, 21, 55, 84, 94, 54
81, 87, 15, 72, 75, 64
37, 34, 95, 13, 10, 35
1, 29, 71, 16, 95, 39
1, 94, 8, 67, 32, 29
46, 45, 12, 71, 0, 68
18, 58, 3, 85, 8, 14
15, 32, 51, 27, 77, 45
8, 34, 63, 84, 37, 38
99, 94, 9, 53, 25
83, 9, 15, 8, 79
15, 93, 28, 23, 56
15, 65, 98, 90, 56
3, 80, 70, 14, 64
99, 0, 90, 12, 52
53, 75, 88, 76, 14
44, 47, 16, 2, 24
30, 88, 21, 84, 56
80, 71, 86, 99, 27
63, 59, 34, 27, 47
32, 60, 13, 57, 58
27, 54, 96, 45, 40
18, 39, 6, 70, 96
28, 29, 56, 49, 71
21, 78, 68, 99, 35
70, 18, 21, 45, 8
46, 34, 97, 57, 32
7, 25, 68, 74, 21
93, 99, 4, 45, 80
43, 36, 86, 87, 12
4, 26, 32, 72, 2
55, 9, 74, 92, 53
99, 32, 69, 43, 30
0, 60, 41, 18, 77
24, 25, 68, 33, 86
29, 78, 8, 40, 50
51, 23, 14, 56, 53
38, 20, 74, 6, 41
13, 49, 0, 5, 24
40, 89, 57, 9, 92
81, 77, 18, 25, 68
0, 90, 34, 22, 24
10, 45, 13, 16, 67
58, 82, 89, 83, 46
85, 27, 71, 74, 88
20, 6, 68, 83, 25
56, 40, 51, 65, 61
72, 86, 17, 66, 52
81, 4, 8, 44, 25
52, 30, 10, 81, 88
92, 50, 12, 28, 64
13, 39, 69, 89, 62
62, 74, 81, 71, 16
18, 47, 55, 4, 34
54, 38, 21, 81, 53
42, 56, 39, 83, 89
24, 27, 84, 55, 42
48, 21, 33, 59, 57
84, 2, 51, 12, 92
21, 55, 48, 28, 11
37, 43, 85, 82, 69
90, 93, 47, 84, 2
57, 64, 13, 47, 51
40, 60, 23, 21, 51
66, 89, 28, 1, 36
63, 72, 98, 3, 12
23, 75, 36, 14, 68
12, 70, 31, 55, 73
44, 50, 82, 6, 19
85, 49, 30, 48, 61
73, 74, 58, 61, 1
49, 74, 54, 30, 39
10, 23, 89, 60, 19
24, 71, 82, 10, 56
37, 86, 42, 63, 75
47, 68, 93, 5, 27
91, 5, 36, 6, 85
85, 54, 48, 86, 30
75, 39, 43, 30, 25
69, 81, 53, 10, 99
5, 11, 93, 49, 25
47, 51, 99, 24, 45
70, 32, 99, 44, 77
93, 80, 78, 22, 60
27, 98, 38, 88, 49
74, 66, 68, 95, 8
24, 5, 58, 79, 97
19, 32, 43, 0, 39
50, 80, 99, 94, 74
15, 13, 40, 46, 29
36, 9, 66, 96, 3
64, 63, 88, 58, 71
68, 50, 56, 2, 30
7, 22, 71, 86, 38
75, 48, 33, 98, 60
43, 92, 39, 88, 95
93, 71, 42, 12, 50
18, 78, 93, 59, 25
57, 40, 73, 38, 81
26, 90, 53, 24, 71
26, 17, 44, 76, 68
17, 27, 67, 13, 32
48, 54, 68, 52, 26
44, 8, 7, 59, 85
34, 59, 75, 68, 94
35, 34, 66, 38, 69
36, 48, 92, 55, 7
9, 53, 65, 82, 57
55, 7, 20, 61, 60
30, 67, 84, 23, 4
54, 70, 91, 6, 89
47, 10, 98, 35, 58
52, 88, 20, 34, 11
52, 84, 61, 44, 0
42, 55, 68, 76, 48
1, 43, 12, 17, 4
71, 55, 29, 39, 25
73, 40, 21, 82, 48
61, 45, 17, 41, 96
71, 8, 40, 65, 39
72, 57, 22, 80, 13
76, 98, 90, 6, 75
63, 82, 75, 71, 33
29, 56, 72, 17, 99
89, 88, 12, 80, 27
8, 18, 48, 89, 59
76, 44, 93, 29, 48
40, 28, 53, 8, 12
3, 78, 82, 33, 56
4, 54, 47, 59, 76
63, 93, 58, 36, 79
74, 75, 76, 86, 91
96, 68, 99, 33, 84
3, 71, 4, 52, 35
70, 32, 36, 54, 84
67, 83, 84, 46, 63
72, 26, 81, 33, 99
23, 86, 42, 75, 77
99, 53, 10, 45, 22
66, 83, 54, 89, 20
89, 69, 82, 54, 86
23, 88, 41, 66, 76
43, 53, 75, 11, 86
76, 53, 78, 8, 89
27, 74, 11, 57, 90
57, 39, 47, 15, 21
76, 53, 10, 4, 90
97, 76, 64, 36, 32
2, 93, 3, 36, 72
77, 34, 84, 11, 5
40, 73, 18, 36, 83
0, 52, 60, 95, 45
23, 4, 53, 88, 16
97, 73, 22, 80, 10
24, 16, 8, 59, 89
77, 96, 99, 59, 40
44, 87, 73, 96, 92
14, 83, 22, 70, 46
22, 0, 78, 37, 21
16, 50, 22, 32, 10
51, 41, 87, 74, 65
93, 23, 30, 57, 49
9, 70, 13, 84, 49
28, 44, 60, 73, 30
64, 1, 86, 24, 42
2, 61, 14, 17, 48
59, 5, 75, 1, 3
26, 1, 23, 22, 8
38, 51, 72, 17, 54
26, 61, 43, 44, 52
49, 19, 33, 72, 67
72, 14, 7, 79, 95
28, 13, 26, 98, 47
24, 78, 55, 21, 14
5, 51, 12, 21, 31
99, 85, 68, 96, 9
42, 57, 26, 53, 70
93, 91, 6, 87, 0
37, 43, 92, 42, 95
75, 69, 37, 47, 61
16, 92, 89, 88, 57
74, 34, 83, 61, 75
92, 86, 73, 80, 14
96, 9, 61, 27, 40
7, 29, 12, 58, 46
20, 69, 15, 41, 8
3, 31, 86, 20, 50
79, 24, 46, 37, 70
15, 2, 79, 65, 40
28, 52, 76, 2, 72
97, 55, 10, 24, 35
45, 87, 39, 56, 78
30, 27, 0, 6, 58
33, 29, 3, 78, 60
95, 34, 32, 79, 39
41, 31, 25, 74, 70
13, 25, 61, 55, 89
92, 43, 74, 22, 27
55, 7, 33, 67, 34
75, 99, 86, 6, 16
29, 83, 56, 51, 63
77, 56, 89, 75, 26
59, 88, 30, 97, 79
91, 85, 71, 37, 16
81, 99, 39, 96, 2
31, 17, 60, 91, 38
27, 87, 78, 9, 2
90, 82, 3, 67, 14
38, 2, 72, 27, 65
64, 90, 98, 17
97, 89, 29, 33
93, 51, 61, 67
90, 89, 22, 8
92, 86, 20, 9
89, 0, 52, 42
71, 64, 16, 61
24, 85, 76, 49
58, 8, 97, 47
83, 26, 11, 89
94, 75, 34, 21
14, 18, 88, 29
15, 32, 62, 95
5, 43, 59, 65
26, 38, 82, 79
17, 16, 44, 45
98, 74, 38, 19
22, 46, 23, 79
67, 32, 22, 49
10, 37, 58, 5
86, 26, 38, 51
68, 14, 67, 89
46, 99, 10, 88
55, 7, 70, 42
80, 30, 94, 2
20, 31, 90, 91
78, 27, 8, 17
26, 16, 54, 50
15, 66, 43, 81
68, 63, 36, 79
16, 91, 39, 86
52, 0, 22, 62
36, 54, 55, 68
8, 88, 14, 73
88, 42, 69, 19
29, 92, 96, 90
57, 89, 96, 48
93, 70, 2, 67
35, 48, 98, 82
11, 59, 52, 74
54, 41, 26, 79
13, 62, 40, 0
30, 69, 57, 16
48, 82, 39, 77
60, 90, 57, 29
8, 14, 86, 15
53, 44, 58, 96
78, 96, 40, 73
47, 49, 46, 98
65, 63, 97, 51
89, 53, 90, 66
15, 3, 94, 72
3, 57, 90, 33
37, 70, 16, 59
47, 71, 96, 72
21, 95, 52, 70
50, 20, 18, 25
62, 97, 60, 44
49, 51, 91, 10
43, 13, 64, 76
85, 97, 3, 8
54, 64, 57, 84
78, 6, 69, 32
84, 64, 99, 24
26, 41, 43, 38
56, 36, 15, 66
68, 8, 76, 7
84, 39, 19, 97
85, 84, 51, 21
51, 2, 55, 66
55, 32, 25, 26
0, 82, 68, 79
8, 74, 22, 18
60, 43, 14, 53
24, 3, 71, 79
51, 68, 99, 31
21, 37, 49, 6
15, 7, 90, 0
25, 55, 27, 40
84, 40, 69, 1
25, 59, 95, 49
69, 95, 59, 37
83, 23, 64, 50
58, 49, 72, 47
72, 62, 79, 74
16, 92, 39, 63
52, 18, 91, 2
8, 2, 59, 60
98, 68, 32, 33
98, 94, 16, 61
80, 7, 89, 23
7, 29, 78, 61
42, 74, 89, 7
29, 72, 23, 85
57, 90, 36, 41
2, 54, 15, 76
90, 50, 73, 76
83, 2, 79, 15
32, 23, 91, 98
28, 50, 96, 11
5, 65, 92, 54
27, 8, 93, 20
68, 24, 71, 30
33, 28, 10, 1
23, 53, 93, 64
6, 1, 20, 43
34, 47, 76, 82
87, 7, 58, 9
74, 86, 84, 76
63, 73, 56, 39
95, 35, 14, 1
77, 19, 25, 47
37, 1, 65, 43
99, 47, 51, 64
2, 10, 15, 99
65, 35, 69, 24
76, 17, 54, 80
59, 90, 25, 1
22, 8, 11, 64
94, 52, 86, 9
62, 20, 97, 25
20, 78, 58, 81
59, 31, 92, 84
47, 21, 9, 10
18, 88, 69, 95
5, 21, 92, 48
92, 67, 35, 54
48, 53, 67, 77
2, 95, 70, 7
17, 34, 41, 22
17, 11, 69, 9
97, 59, 90, 28
42, 76, 96, 60
32, 65, 15, 94
24, 58, 22, 70
72, 41, 7, 26
1, 18, 98, 6
23, 61, 67, 18
68, 28, 26, 78
76, 61, 37, 27
9, 25, 93, 8
30, 23, 44, 16
43, 44, 74, 34
41, 19, 91, 39
38, 42, 69, 65
17, 58, 88, 48
16, 33, 22, 26
45, 54, 63, 30
37, 41, 53, 29
5, 21, 54, 78
99, 86, 23, 73
85, 91, 78, 92
15, 52, 86, 5
7, 3, 37, 82
70, 44, 47, 71
64, 98, 41, 77
14, 89, 19, 68
56, 19, 11, 76
8, 38, 77, 49
77, 31, 99, 15
27, 17, 34, 22
69, 20, 21, 95
64, 39, 37, 25
18, 83, 37, 25
32, 93, 90, 86
0, 18, 53, 1
20, 19, 38, 69
61, 2, 71, 5
14, 64, 53, 72
98, 36, 48, 84
14, 99, 6, 72
64, 5, 79, 56
54, 27, 37, 32
1, 10, 24, 79
92, 59, 96, 72
83, 50, 27, 95
14, 25, 92, 7
55, 33, 45, 68
29, 92, 76, 98
39, 65, 52, 86
34, 54, 90, 91
82, 43, 95, 81
34, 10, 47, 67
42, 19, 21, 52
20, 51, 52, 88
60, 69, 6, 15
83, 73, 36, 24
82, 91, 62, 10
67, 85, 62, 11
85, 15, 23, 24
81, 93, 6, 20
85, 3, 10, 89
76, 35, 79, 8
62, 3, 50, 37
26, 98, 58, 5
2, 38, 49, 14
66, 20, 36, 41
61, 5, 20, 33
7, 5, 73, 42
26, 95, 6, 14
61, 49, 53
14, 58, 94
43, 52, 73
1, 18, 95
99, 28, 5
58, 22, 85
10, 72, 84
7, 77, 88
98, 37, 97
9, 71, 99
34, 96, 14
10, 56, 25
65, 95, 58
58, 88, 10
66, 11, 9
65, 72, 83
79, 31, 69
65, 66, 43
32, 66, 89
76, 58, 17
45, 32, 34
25, 48, 6
1, 14, 87
77, 22, 28
17, 49, 29
21, 89, 26
90, 5, 31
26, 14, 49
89, 92, 35
43, 38, 52
89, 91, 45
6, 47, 66
0, 35, 52
3, 78, 31
79, 98, 49
87, 37, 45
18, 95, 3
85, 63, 89
32, 85, 1
52, 29, 30
97, 10, 70
64, 20, 30
11, 34, 69
9, 98, 53
68, 60, 30
14, 41, 55
22, 14, 33
10, 27, 76
53, 60, 5
51, 96, 67
65, 9, 32
77, 29, 3
79, 70, 55
62, 76, 55
1, 49, 92
47, 29, 89
48, 68, 50
30, 44, 41
41, 66, 55
61, 64, 89
98, 80, 29
41, 83, 59
82, 85, 17
6, 22, 94
94, 99, 10
72, 2, 91
82, 42, 47
64, 70, 35
10, 2, 80
30, 32, 34
38, 49, 63
81, 94, 83
70, 42, 66
5, 83, 29
7, 34, 48
20, 26, 52
97, 90, 83
3, 37, 23
51, 32, 22
48, 0, 70
81, 83, 66
6, 62, 49
14, 72, 18
20, 2, 87
42, 68, 87
45, 9, 47
30, 43, 52
9, 32, 79
32, 36, 79
70, 82, 47
94, 77, 63
87, 33, 27
85, 42, 10
70, 49, 39
81, 62, 7
72, 98, 30
36, 7, 27
66, 69, 62
20, 99, 91
9, 66, 99
82, 17, 6
51, 31, 86
18, 59, 85
33, 90, 70
37, 48, 44
6, 59, 26
22, 59, 77
41, 18, 6
58, 99, 18
9, 90, 72
11, 29, 45
56, 6, 86
20, 0, 22
65, 47, 94
56, 91, 37
94, 38, 64
58, 48, 97
53, 99, 17
45, 9, 87
64, 49, 89
27, 42, 89
89, 87, 94
27, 44, 49
60, 24, 33
50, 22, 24
80, 17, 93
18, 33, 15
9, 58, 28
87, 99, 68
15, 14, 82
28, 24, 94
44, 0, 31
0, 96, 37
61, 97, 94
31, 44, 63
50, 24, 2
0, 71, 45
31, 82, 85
56, 67, 64
78, 59, 18
7, 17, 32
58, 37, 39
77, 9, 34
71, 82, 28
32, 39, 87
56, 85, 6
36, 10, 20
94, 32, 47
8, 27, 10
79, 94, 55
58, 97, 60
45, 6, 62
22, 3, 85
63, 55, 41
71, 94, 36
63, 33, 83
77, 37, 85
94, 28, 31
9, 47, 58
86, 54, 96
48, 39, 54
23, 24, 62
94, 39, 79
29, 92, 23
2, 28, 93
58, 8, 3
14, 35, 33
39, 31, 91
59, 8, 24
67, 41, 0
2, 59, 68
60, 3, 77
52, 78, 43
83, 99, 33
83, 48, 42
2, 86, 14
67, 47, 22
80, 67, 97
99, 9, 67
28, 48, 80
70, 43, 86
26, 82, 7
83, 81, 53
29, 60, 22
19, 91, 71
26, 43, 98
2, 29, 90
50, 85, 32
80, 90, 55
22, 63, 3
24, 55, 58
59, 87, 11
87, 23, 53
48, 64, 22
89, 43, 47
19, 36, 20
99, 82, 9
56, 18, 42
60, 96, 18
78, 79, 35
58, 7
81, 44
98, 15
81, 60
56, 54
67, 8
93, 47
29, 81
78, 33
9, 71
14, 93
96, 23
22, 35
44, 99
49, 32
62, 41
62, 15
70, 71
26, 64
14, 78
32, 54
23, 29
99, 28
33, 70
98, 28
0, 85
68, 35
14, 17
93, 17
47, 48
2, 8
41, 91
41, 32
36, 27
96, 23
0, 60
26, 22
60, 55
58, 47
91, 52
17, 82
77, 70
15, 82
99, 81
2, 24
42, 52
55, 67
47, 23
82, 98
7, 79
17, 87
55, 61
99, 42
45, 67
59, 32
83, 23
78, 77
41, 79
77, 37
79, 47
33, 48
60, 56
62, 52
98, 0
94, 35
62, 32
60, 9
62, 56
35, 47
19, 60
59, 62
98, 36
22, 41
81, 0
70, 22
28, 71
77, 20
23, 14
71, 18
81, 54
2, 79
7, 98
28, 85
8, 39
59, 64
98, 83
93, 54
2, 54
71, 17
42, 80
20, 49
61, 39
64, 59
22, 61
47, 60
9, 70
18, 33
93, 81
24, 70
2, 60
23, 42
44, 37
98, 62
9, 19
81, 49
17, 87
86, 8
98, 67
22, 0
94, 24
17, 71
33, 54
90, 64
87, 28
81, 93
83, 80
36, 26
18, 36
23, 61
79, 59
70, 19
56, 28
33, 17
62, 19
79, 87
54, 31
26, 19
56, 31
41, 94
70, 94
8, 83
99, 62
37, 56
59, 79
42, 23
18, 83
94, 99
93, 96
91, 42
49, 86
80, 56
52, 47
42, 28
98, 80
36, 26
17, 49
52, 8
24, 59
79, 85
83, 90
62, 71
85, 87
44, 56
23, 37
28, 26
62, 94
90, 44
36, 87
87, 61
31, 96
24, 18
52, 86
33, 45
60, 83
37, 83
59, 26
91, 96
36, 19
90, 8
85, 70
23, 80
67, 93
68, 17
59, 39
93, 59
39, 87
87, 23
39, 96
91, 45
42, 33
86, 28
86, 81
31, 8
87, 86
80, 68
42, 83
37, 44
42, 24
67, 96
98, 93
52, 45
81, 87
96, 45
86, 52
81, 28
42, 28
36, 45
68, 19
18, 2
93, 83
67
45
80
28
93
22
85
80
45
45
24
22
85
93
42
37
22
90
19
8
87
67
8
8
23
44
44
85
22
31
90
17
31
67
19
22
83
83
19
90
22
45
67
83
24
96
52
80
59
36
19
83
83
42
90
98
44
67
36
98
52
28
18
67
90
31
80
19
96
45
19
42
80
96
28
17
33
59
83
36
28
19
19
19
24
44
98
19
59
80
31
96
45
98
42
96
24
80
44
44
90
45
17
45
28
17
36
80
87
24
31
17
80
24
36
31
24
87
44
22
33
98
59
22
24
22
59
96
28
36
45
80
59
28
28
33
28
24
80
80
42
42
33
31
90
42
24
36
90
31
90
42
96
28
31
33
31
33
80
24
36
90
80
96
31
90
24
96
90
87
28
96
90
24
90
24
36
28
33
28
24
96
36
96
87
33
33
33
96
96
96
28
33
33
33
33
28
28
33
33