35, 61, 25, 17, 1, 73, 4, 62
28, 96, 7, 91, 47, 70, 78, 18, 1
47, 18, 58, 10, 83, 25, 73, 12, 95
24, 71, 62, 9, 78, 17, 59, 19, 50
48, 67, 90, 50, 4, 95, 33, 17, 32, 6
85, 13, 3, 70, 39, 42, 77, 75
70, 98, 54, 75, 72, 87, 12, 2, 98, 38
96, 30, 96, 32, 80, 27, 8, 12, 29
42, 69, 69, 56, 31, 81, 33
98, 2, 27, 19, 97, 22, 91
90, 78, 54, 56, 30, 25, 72, 39, 9, 80
6, 21, 92, 67, 36, 5, 66, 85, 9, 93
48, 40, 68, 98, 25, 53, 20
60, 4, 46, 31, 22, 18, 4
7, 0, 42, 25, 55, 18, 55, 22, 31, 52
10, 26, 26, 55, 27, 81, 71, 8, 98
24, 54, 15, 8, 37, 56, 48, 37, 65, 21
83, 99, 97, 84, 74, 0, 40, 42
65, 63, 53, 91, 22, 4, 76
14, 13, 59, 28, 32, 84, 89, 52
57, 77, 18, 36, 84, 92, 54, 10, 79, 20
44, 69, 51, 93, 63, 33, 83, 27, 28, 82
36, 9, 46, 28, 28, 33, 47, 28, 51, 2
31, 65, 64, 55, 83, 29, 92, 14
54, 79, 70, 72, 51, 4, 93, 96
92, 16, 51, 10, 60, 14, 71, 71, 17, 67
82, 25, 10, 77, 6, 63, 36, 63, 90, 88
45, 61, 12, 88, 59, 93, 96, 97, 97
87, 94, 31, 81, 46, 78, 20, 2
23, 93, 89, 73, 14, 55, 89, 75
45, 2, 89, 92, 99, 63, 1, 69, 20
95, 62, 46, 80, 47, 62, 78, 17
99, 37, 53, 78, 18, 31, 54, 63
84, 88, 84, 63, 39, 88, 80, 85, 8
63, 1, 7, 11, 98, 54, 29, 50, 63
16, 67, 61, 52, 44, 13, 82, 99
68, 12, 83, 94, 6, 89, 84, 14
19, 57, 34, 78, 90, 89, 16, 90, 86, 66
78, 11, 63, 77, 18, 41, 82, 8, 9
76, 78, 79, 27, 26, 27, 9, 62, 26
73, 78, 60, 24, 97, 9, 16
70, 4, 50, 62, 96, 99, 76, 67, 2, 36
97, 60, 38, 48, 76, 38, 93, 8
84, 82, 43, 94, 43, 4, 65, 4
8, 49, 26, 45, 23, 43, 92, 85, 61, 15
34, 52, 17, 75, 44, 65, 21, 52, 38, 26
31, 41, 0, 26, 53, 9, 40, 34, 56, 2
33, 14, 23, 87, 51, 50, 70
66, 98, 41, 43, 33, 83, 49, 67, 76, 30
87, 94, 24, 71, 80, 0, 56, 35, 35, 34
30, 75, 57, 23, 85, 15, 46, 32
91, 44, 24, 47, 95, 40, 3, 87, 84, 81
19, 59, 30, 85, 5, 73, 80, 36, 71, 13
7, 76, 61, 43, 36, 87, 88, 99, 75
86, 57, 23, 66, 15, 94, 62
5, 40, 63, 71, 88, 90, 55, 58
55, 3, 30, 3, 5, 95, 60
15, 79, 91, 27, 98, 49, 63, 28, 51, 5
2, 61, 51, 82, 59, 89, 7
11, 25, 55, 9, 54, 7, 27, 50, 77
98, 28, 60, 20, 9, 12, 89
7, 49, 62, 68, 94, 24, 78, 32, 45
59, 70, 10, 23, 58, 12, 72
59, 35, 73, 14, 42, 13, 78
55, 58, 70, 70, 22, 14, 43, 40
62, 97, 56, 43, 72, 48, 10, 7, 1, 98
93, 67, 52, 15, 3, 69, 88, 5
4, 84, 11, 61, 11, 93, 12, 10
17, 68, 26, 2, 70, 40, 96, 4, 90
7, 22, 91, 44, 54, 25, 48, 32
36, 44, 19, 98, 91, 1, 48, 21
15, 5, 36, 92, 87, 68, 25
36, 71, 57, 11, 90, 9, 71, 50, 80, 3
15, 15, 27, 82, 25, 57, 48
95, 58, 94, 34, 57, 20, 30, 82, 25, 6
40, 53, 88, 1, 44, 39, 71, 27, 66, 39
8, 35, 8, 81, 33, 30, 15, 58, 49, 83
17, 49, 6, 63, 13, 31, 33, 58, 97
27, 33, 45, 52, 15, 70, 49
70, 5, 34, 75, 70, 35, 31, 92, 94
96, 87, 56, 93, 92, 87, 72
28, 2, 37, 30, 20, 44, 37
5, 26, 0, 26, 48, 29, 62
53, 75, 14, 98, 79, 5, 27, 60
1, 55, 98, 0, 79, 26, 21
11, 96, 22, 88, 38, 63, 33, 55
60, 50, 79, 11, 15, 36, 38
85, 80, 17, 20, 31, 34, 56, 21, 12, 3
93, 64, 29, 39, 6, 93, 55
6, 61, 40, 63, 1, 50, 12, 71, 6
54, 44, 26, 72, 86, 94, 91, 31, 0, 5
80, 51, 44, 15, 65, 75, 38, 87, 46
86, 4, 31, 11, 48, 62, 18, 38
71, 52, 96, 61, 32, 63, 54, 96, 12
44, 14, 10, 4, 28, 4, 59, 99, 20, 33
70, 4, 23, 15, 87, 99, 87, 65, 11
32, 10, 40, 82, 84, 84, 61
77, 25, 10, 22, 45, 77, 89
87, 26, 98, 77, 46, 18, 20, 46, 45, 63
2, 66, 56, 92, 56, 24, 35
70, 56, 57, 73, 89, 27, 66, 38, 50
77, 54, 83, 56, 77, 80, 38, 48, 83, 52
10, 46, 3, 18, 35, 91, 3, 77, 70
34, 30, 27, 36, 61, 16, 37, 59
73, 64, 10, 6, 42, 60, 21, 3, 10
93, 98, 59, 49, 87, 75, 46
74, 68, 27, 47, 68, 32, 2, 77, 15, 67
38, 95, 49, 16, 96, 78, 58, 94
13, 37, 12, 54, 36, 12, 85, 23, 8
36, 56, 54, 81, 98, 78, 82
89, 36, 72, 84, 25, 22, 91, 93, 15, 46
12, 49, 24, 26, 43, 13, 80, 78, 55
41, 80, 70, 49, 14, 71, 75, 72, 5, 7
24, 4, 49, 62, 83, 5, 77, 14, 44
27, 3, 40, 23, 51, 37, 48, 72, 65
60, 96, 47, 61, 43, 62, 0
81, 80, 99, 59, 1, 34, 60, 93
99, 70, 77, 9, 30, 56, 78, 81, 13
86, 12, 16, 80, 6, 22, 82
45, 19, 5, 14, 27, 13, 36
40, 53, 60, 86, 38, 4, 43, 29, 78
49, 89, 85, 56, 64, 96, 81, 51, 87, 43
9, 80, 3, 13, 65, 94, 68, 96, 50
8, 94, 32, 81, 44, 62, 47, 41, 59
79, 88, 20, 17, 78, 32, 70, 75, 66
5, 41, 46, 20, 18, 48, 22, 19, 98, 19
46, 32, 10, 86, 5, 37, 27, 64
96, 10, 36, 42, 15, 67, 12, 57
46, 98, 8, 1, 8, 15, 18
66, 90, 93, 46, 63, 8, 49, 91, 19
97, 61, 1, 18, 63, 76, 55, 28, 78
6, 94, 52, 71, 31, 62, 16
34, 0, 54, 37, 93, 90, 66, 85, 5
91, 82, 19, 51, 37, 22, 3, 44
97, 17, 10, 72, 43, 10, 34, 65, 8
40, 42, 82, 9, 15, 15, 59
37, 71, 4, 85, 82, 81, 89
30, 98, 82, 25, 59, 44, 38
89, 86, 33, 27, 6, 30, 31, 65
26, 32, 60, 50, 35, 44, 45, 14
11, 49, 27, 17, 26, 27, 33, 78
2, 13, 1, 9, 28, 1, 55
66, 50, 3, 97, 36, 72, 52, 63
98, 66, 10, 84, 93, 26, 47
2, 56, 59, 4, 89, 12, 60
16, 80, 85, 81, 4, 68, 39
89, 89, 63, 22, 54, 40, 57, 9
1, 31, 58, 24, 25, 9, 89
24, 62, 51, 65, 66, 30, 63, 82
97, 4, 83, 50, 93, 69, 72, 63
62, 7, 94, 59, 80, 18, 98, 96, 65
3, 74, 63, 56, 97, 87, 25, 24, 84
89, 15, 52, 10, 82, 36, 56
99, 88, 82, 17, 2, 14, 0
36, 89, 48, 72, 43, 81, 13, 50, 14, 22
65, 90, 24, 97, 89, 92, 69, 31, 87, 35
46, 99, 68, 19, 30, 21, 47, 61, 46
77, 98, 4, 30, 94, 42, 82
44, 70, 1, 42, 76, 36, 99, 71, 83
18, 79, 91, 51, 5, 1, 57
4, 32, 7, 78, 15, 77, 61, 54, 3
38, 91, 82, 64, 91, 58, 4, 95
71, 57, 40, 4, 41, 10, 62, 54
7, 37, 54, 8, 85, 78, 96, 67, 5
48, 76, 85, 18, 22, 74, 1
50, 82, 2, 9, 47, 96, 13, 9, 9, 27
15, 62, 78, 1, 92, 57, 94, 88
20, 84, 98, 85, 73, 76, 48
75, 63, 70, 33, 43, 30, 59
50, 36, 36, 25, 3, 65, 6, 9, 56, 41
59, 42, 14, 73, 10, 17, 90, 2, 9
5, 29, 37, 92, 3, 57, 78, 41
37, 97, 16, 71, 15, 52, 63, 0, 50, 31
62, 27, 8, 12, 47, 20, 3
82, 99, 6, 47, 52, 4, 6
26, 19, 86, 27, 12, 73, 14, 10, 29, 29
61, 2, 99, 67, 91, 91, 42, 26, 63
43, 48, 2, 89, 0, 33, 96, 2
39, 80, 84, 80, 5, 53, 75, 55
89, 26, 82, 75, 18, 71, 18, 37
97, 66, 41, 99, 4, 74, 31, 28, 88
57, 74, 26, 78, 25, 63, 31
6, 36, 85, 16, 15, 95, 48, 75, 63
8, 61, 12, 79, 1, 1, 29, 38, 96, 19
29, 84, 49, 66, 43, 77, 87
98, 54, 1, 65, 6, 75, 98, 51
27, 25, 97, 97, 7, 78, 10, 24
46, 48, 53, 24, 2, 39, 35, 20, 36
86, 62, 72, 18, 15, 67, 45, 6, 38, 50
97, 57, 50, 6, 66, 57, 7
26, 86, 59, 3, 20, 65, 53, 1, 3
25, 18, 38, 74, 70, 65, 40, 10, 44
87, 72, 16, 39, 23, 1, 31, 59, 64, 78
74, 97, 93, 8, 60, 52, 21, 67
62, 71, 61, 27, 50, 35, 4, 93, 40
85, 72, 65, 18, 13, 32, 65, 79, 71
63, 9, 37, 72, 3, 49, 48, 60, 66, 1
87, 58, 51, 52, 79, 84, 0, 87, 54
54, 27, 96, 79, 34, 20, 40
63, 80, 36, 94, 83, 94, 92, 78, 85, 29
73, 22, 53, 97, 62, 47, 23
79, 9, 9, 66, 96, 91, 84, 25, 64
6, 27, 27, 4, 11, 41, 36, 42, 93, 31
57, 73, 88, 53, 47, 25, 46
93, 91, 65, 97, 33, 98, 68
27, 86, 88, 79, 4, 61, 47, 98
25, 57, 61, 92, 32, 41, 88, 20, 30, 20
21, 95, 82, 85, 9, 49, 62
23, 5, 68, 39, 21, 52, 24, 74, 28
78, 14, 64, 5, 81, 28, 50, 93
92, 96, 99, 36, 60, 86, 24
35, 24, 65, 22, 48, 55, 95, 47
27, 64, 69, 68, 91, 58, 1
98, 62, 91, 3, 77, 75, 62
38, 35, 34, 40, 38, 37, 29, 68, 35
70, 75, 8, 26, 26, 88, 56, 66, 54
73, 4, 61, 46, 54, 41, 69, 71, 26
85, 77, 44, 83, 86, 80, 68, 17
63, 18, 92, 22, 9, 75, 7
18, 56, 67, 72, 11, 0, 88
87, 45, 14, 47, 26, 86, 53, 66, 51
69, 12, 19, 0, 10, 29, 85, 40
28, 28, 27, 55, 45, 33, 86
89, 2, 83, 63, 4, 85, 51, 78
46, 66, 25, 77, 75, 52, 47, 15
63, 26, 99, 35, 43, 61, 93
5, 88, 76, 28, 46, 12, 77, 62, 23, 56
14, 21, 13, 93, 23, 57, 30, 70, 56
49, 94, 42, 78, 3, 47, 37, 95
20, 11, 74, 27, 81, 74, 15, 82, 62
69, 24, 16, 95, 72, 80, 13, 24
13, 92, 77, 31, 11, 32, 97, 99, 48
22, 79, 25, 79, 22, 94, 56
61, 98, 75, 4, 53, 31, 42, 31
8, 38, 69, 90, 30, 26, 13, 60, 65
72, 11, 67, 9, 15, 11, 43, 77, 84
95, 2, 58, 34, 30, 79, 75, 74, 21
6, 83, 88, 31, 20, 82, 14, 89, 67, 55
28, 20, 75, 62, 41, 84, 8, 87
40, 10, 71, 9, 85, 93, 57
86, 81, 53, 49, 60, 34, 2, 54
21, 83, 36, 85, 57, 49, 66, 32
9, 70, 60, 79, 8, 60, 80, 17, 68
86, 36, 97, 56, 3, 9, 45
93, 78, 89, 2, 46, 23, 6, 34, 49, 81
44, 86, 43, 36, 22, 1, 62, 87, 79, 37
51, 22, 11, 54, 82, 63, 50, 71
1, 82, 96, 16, 16, 46, 75, 22, 87
63, 2, 69, 65, 83, 12, 56
89, 56, 13, 51, 20, 86, 6
23, 38, 91, 29, 98, 23, 32, 20
64, 30, 95, 76, 35, 30, 25, 78
30, 67, 89, 44, 65, 41, 51
67, 8, 58, 69, 13, 86, 45, 39
91, 3, 89, 70, 4, 11, 64
86, 8, 46, 48, 84, 84, 71, 12, 45, 7
2, 43, 19, 93, 52, 64, 31
69, 76, 61, 31, 3, 74, 67
16, 43, 28, 78, 91, 4, 43, 90
56, 76, 67, 59, 1, 89, 27, 17
55, 41, 28, 16, 81, 43, 96, 32, 41, 67
57, 98, 13, 15, 30, 53, 20, 47, 28, 19
94, 29, 62, 4, 7, 68, 58, 55
82, 69, 64, 34, 98, 73, 47, 6, 40, 43
25, 59, 9, 74, 79, 38, 80, 19, 69
89, 30, 78, 98, 26, 39, 56, 64, 37, 94
63, 80, 50, 12, 57, 43, 71, 94
70, 46, 39, 86, 97, 77, 18, 22, 27, 2
38, 36, 71, 0, 18, 63, 26, 38
0, 1, 46, 52, 23, 77, 3, 28, 78, 0
0, 46, 63, 56, 71, 44, 10, 1, 30, 28
71, 83, 89, 94, 84, 30, 76, 82
48, 24, 20, 58, 14, 80, 81
45, 98, 83, 48, 82, 6, 85, 56, 30
20, 33, 60, 65, 32, 29, 67, 88, 36, 23
7, 0, 77, 46, 3, 4, 16, 7, 48
76, 84, 45, 23, 11, 98, 25, 2
75, 8, 8, 36, 86, 88, 32, 87, 63, 9
66, 88, 58, 79, 35, 21, 92, 66, 64, 66
87, 2, 46, 10, 70, 49, 43, 70, 14
3, 94, 54, 73, 76, 28, 36, 1, 48, 65
9, 63, 61, 71, 22, 33, 99, 59, 96
57, 8, 16, 72, 90, 34, 37, 27, 14
8, 43, 3, 84, 43, 70, 57, 9, 45, 2
85, 87, 23, 21, 79, 95, 14, 17
95, 74, 74, 85, 0, 8, 32, 40, 52, 0
59, 20, 26, 78, 32, 96, 78, 91, 14
22, 15, 38, 71, 93, 65, 9
88, 78, 92, 48, 9, 74, 78
58, 58, 6, 87, 46, 23, 94
11, 35, 62, 86, 54, 82, 99, 62, 18
83, 75, 51, 2, 62, 17, 90, 43
10, 3, 76, 46, 10, 86, 44, 11, 72
24, 90, 50, 52, 43, 1, 95, 96, 67
48, 83, 54, 57, 4, 15, 75, 62, 43
3, 6, 24, 13, 62, 50, 84, 9, 14, 46
45, 48, 49, 88, 92, 75, 64
87, 93, 11, 90, 89, 21, 47, 5, 59, 12
20, 53, 12, 51, 43, 16, 97, 32
22, 46, 11, 23, 29, 97, 36
24, 22, 88, 12, 3, 2, 46, 59
87, 98, 5, 33, 15, 6, 6, 70
40, 50, 9, 64, 55, 29, 22, 28, 3, 23
87, 4, 64, 86, 6, 73, 79, 9, 72, 56
75, 39, 24, 77, 45, 2, 19
42, 3, 58, 2, 48, 14, 28, 93, 23, 94
67, 53, 0, 82, 37, 81, 71, 90, 11
74, 39, 71, 87, 42, 64, 33, 23, 45
82, 5, 1, 59, 5, 22, 50, 80
97, 48, 3, 3, 58, 30, 30, 76, 10, 71
26, 47, 52, 74, 66, 61, 39, 59, 68, 58
89, 79, 4, 33, 27, 83, 3, 23, 13
26, 46, 28, 75, 85, 11, 53, 49, 7
43, 87, 23, 19, 36, 49, 41
65, 65, 76, 48, 20, 15, 27, 52, 56, 2
79, 6, 34, 66, 70, 55, 77
50, 47, 96, 42, 31, 99, 21
69, 38, 38, 31, 94, 80, 23, 22
40, 86, 30, 2, 83, 33, 91
48, 30, 28, 21, 75, 19, 19, 57, 68
11, 10, 50, 22, 29, 52, 35, 25, 99, 84
84, 33, 69, 34, 96, 97, 2
80, 68, 85, 30, 35, 91, 62
32, 95, 52, 23, 57, 92, 24, 87, 31, 90
27, 85, 89, 4, 12, 15, 1, 5
1, 89, 32, 0, 80, 74, 42, 19
91, 89, 67, 36, 55, 15, 65, 11, 11
97, 40, 71, 46, 55, 18, 22, 1, 37
41, 73, 44, 77, 80, 83, 49, 84, 49, 52
12, 3, 53, 19, 67, 60, 15, 21, 72, 33
5, 57, 0, 29, 53, 54, 31, 87, 80, 10
10, 13, 68, 19, 34, 18, 24
32, 84, 58, 11, 58, 68, 48, 0, 64, 54
56, 64, 25, 5, 40, 65, 28, 37, 22
40, 86, 79, 62, 11, 86, 69, 65, 81, 16
60, 75, 48, 19, 91, 68, 89, 90, 94, 49
87, 34, 37, 15, 88, 24, 76, 67
72, 52, 74, 80, 66, 29, 26, 34, 32, 2
32, 22, 15, 90, 18, 2, 13, 1, 17
81, 93, 55, 96, 43, 87, 77, 48
86, 17, 2, 63, 3, 17, 61, 64, 25
10, 26, 64, 88, 68, 35, 56, 99
10, 92, 65, 76, 67, 13, 74, 82
50, 67, 6, 0, 72, 20, 44
0, 71, 53, 19, 47, 69, 52, 44, 61
54, 1, 28, 87, 91, 92, 35, 29, 72, 22
45, 31, 14, 81, 44, 3, 3, 80, 73
32, 2, 32, 61, 83, 95, 91
70, 19, 56, 48, 60, 18, 47
38, 22, 87, 28, 87, 32, 48, 35, 48
60, 14, 67, 68, 70, 30, 19
54, 61, 73, 67, 40, 25, 73, 15, 25
39, 12, 99, 74, 14, 5, 40, 48, 89, 39
82, 62, 66, 47, 60, 40, 71, 94, 36
66, 63, 62, 75, 77, 60, 43, 50, 80, 7
63, 31, 0, 62, 6, 38, 79, 81, 39, 14
21, 41, 4, 83, 51, 63, 81, 69, 42
48, 41, 24, 29, 99, 92, 30
29, 85, 60, 0, 13, 13, 35, 22, 79, 21
86, 85, 81, 25, 69, 14, 77, 25, 9
78, 59, 78, 25, 96, 76, 53, 74, 31, 98
12, 12, 12, 31, 72, 0, 15
71, 18, 70, 59, 98, 51, 93
68, 9, 43, 86, 39, 76, 98, 16, 30
94, 76, 56, 29, 40, 96, 71, 52, 28, 69
97, 0, 96, 78, 79, 26, 23, 82, 12, 42
40, 22, 99, 51, 99, 60, 23, 34
91, 8, 69, 6, 4, 80, 69, 90, 63, 90
48, 58, 68, 39, 57, 64, 32
12, 12, 41, 16, 43, 13, 38, 9, 31, 49
10, 35, 92, 70, 38, 77, 21, 13
8, 42, 95, 3, 89, 18, 46, 97, 94
21, 96, 51, 49, 3, 84, 61, 12
37, 50, 31, 59, 47, 58, 42, 87
54, 24, 21, 76, 23, 74, 79
22, 87, 64, 13, 91, 37, 18, 0, 39
50, 36, 15, 39, 34, 92, 32, 40, 69, 47
40, 89, 65, 40, 26, 61, 37, 92, 61, 46
42, 23, 17, 20, 80, 6, 2
28, 57, 37, 87, 60, 76, 39, 31, 18
22, 30, 71, 31, 26, 2, 46
33, 71, 10, 72, 14, 97, 43
1, 68, 90, 73, 45, 90, 19, 70, 53
37, 14, 59, 78, 42, 71, 26, 86, 27
84, 95, 66, 7, 44, 75, 57
9, 65, 41, 73, 85, 16, 89, 7, 75, 77
28, 83, 96, 43, 81, 53, 52, 84, 97, 33
58, 44, 8, 30, 16, 30, 60
78, 11, 67, 71, 92, 40, 47
97, 5, 30, 78, 59, 49, 97, 26
21, 43, 17, 68, 12, 85, 52, 10, 14
90, 17, 60, 12, 56, 96, 87, 15
49, 18, 10, 47, 8, 40, 99, 71
62, 26, 16, 69, 95, 97, 80, 74, 99
47, 68, 88, 31, 32, 58, 64, 31, 70, 44
88, 66, 84, 97, 59, 95, 26, 43, 39
68, 44, 67, 76, 28, 58, 1, 91
35, 75, 21, 96, 72, 39, 7, 65, 88, 86
71, 78, 65, 90, 38, 24, 90, 12
4, 56, 31, 34, 85, 40, 44
89, 71
67, 68, 70
90, 84
80, 89, 26, 73
85, 29, 66, 40, 46, 53
95, 91, 70
62, 80, 26, 97
18, 80
87, 2
75, 22, 0, 65
70, 71, 9, 64, 11
21, 66, 31, 57, 59, 11
1, 10, 23, 31, 71
58, 31, 78, 10
66, 22, 30, 67, 29, 52
71, 62, 7, 58
19, 94, 66
16, 31, 97, 86
54, 74, 4, 75, 84, 28
97, 83, 46, 48, 13, 12
9, 96
89, 50, 60, 99, 7, 9
20, 8, 32, 37, 10, 10
90, 65, 96
80, 72
26, 36, 18, 5, 33, 37
75, 69, 83, 78, 30
13, 13
76, 58
56, 65, 81, 3
62, 84, 45, 21, 81
88
11, 19, 71
18
15
22, 75, 33, 95
10, 87, 43, 29, 81, 34
9, 38, 11, 48
26, 86
37, 94, 74, 93, 55
42, 50, 11, 56
37, 29
1
78
90, 57, 11, 44
63
34, 34, 8, 44, 55, 23
89
38, 7, 29, 80
83, 79, 97, 40
91, 5
79, 41, 20
69, 19
27, 47
4, 36, 88, 41, 59, 60
91, 69, 67
41, 31, 97, 57, 49
36, 86
41, 76, 25, 17, 78, 45
22
79
62, 35, 13, 96
34
86, 43
27, 53, 24
26, 54
8, 11, 13
12, 12, 63, 46
89, 18, 79, 59
83
55, 20, 29, 32, 35, 15
25, 93
8, 8, 57
66, 8, 29, 11, 26, 61
33, 23, 4, 75, 50, 85
56, 29, 35, 33
75, 61, 26
77, 87, 54, 21
70, 59, 80, 92, 2
69, 55, 97, 39, 98, 83
44, 59, 55, 43, 58, 43
57
52, 53, 44, 89, 86, 83
45, 72, 69, 13, 30
40, 17, 39, 7
98, 56, 19, 59, 80
88, 91, 19, 15, 39, 23
56
34, 31
65, 46, 23, 82, 32, 55
34, 76
75, 12, 96, 19
42, 68
26
31, 23, 88, 51, 66, 8
69, 59
33, 37, 51, 14, 67
27, 19, 91, 80, 35, 1
63
39
98, 92
74, 83, 51, 91, 27, 22
21, 15, 69
78
40, 19, 76, 42, 87
79, 96, 71, 10
67, 37, 19, 12, 90
22, 92
52
36, 16
78, 36, 31
74, 7, 28, 88, 92, 71
92, 57, 5, 69
84, 45, 35
44, 86, 48, 58, 17, 41
75, 99, 49, 66, 50, 71
93, 52, 8, 8, 62, 61
54, 63, 3, 87, 68
27, 76, 78
5, 84, 76, 18
73, 82
2, 13, 89, 86
70, 41, 44
34, 13, 19, 74, 26
4, 68, 88
46, 74, 95, 57, 93
47, 72
13, 22, 29, 92
42
48, 12
93, 4, 66, 35, 86
44, 77, 34
70, 69, 29, 77
71, 82, 39
84, 35, 22, 99
30
43, 11, 54, 7
21, 29, 38, 44
88, 54
40, 35, 68
25, 11, 50, 84
49, 98, 6, 93, 55, 27
53, 14
9, 1, 45, 1
3, 31, 60, 41
93, 72, 23, 7, 86, 49
1, 8, 87, 78, 43
45, 73, 12, 53, 22
52, 14
61, 91, 31, 35, 31
88, 15, 85, 90, 13, 94
97, 88, 16, 57, 70
46, 66, 43
8
61, 79, 70, 34
82, 78, 93, 5, 10, 44
25, 42
43, 23, 77, 86, 41
33, 66, 25
59, 31
88, 91, 93, 1, 98, 34
96, 51, 58, 1
55, 77, 86
20, 69, 91, 64, 82, 71
72, 3, 75, 54
83, 21
80, 55, 98, 4, 50, 34
44, 43
80, 13, 90, 92
67, 59, 94, 51
3, 37, 18
55
60, 26, 22
74, 98, 66
43, 50, 30
52, 46, 87
83, 54, 41
21, 68, 81, 17
20, 13, 57
48, 94, 98, 48
83, 52, 86, 38, 36
55, 53
85, 14, 27, 9
25, 32, 26
27, 74, 6, 46, 32
43, 26, 41
54
8, 88, 75
43, 38, 54
23, 32, 68, 59, 2
42, 19, 43, 43, 55
57, 72
74, 86, 71
1
18, 23, 5, 88
47
6, 65, 32
27, 77
17, 10, 99
89, 54
83, 80, 28, 94, 96
70
29, 45, 26, 21, 66, 9
37, 5, 84, 80, 43
11, 17, 44, 85, 96
77, 66, 89, 86
59, 63, 97, 58
71, 74, 90
24, 86, 59
59, 98, 47, 3
29, 53, 94, 31
16, 17, 29, 59
29
45, 9, 33
95, 76, 63, 44
51
63
23
87, 71, 17, 34, 35, 93
46, 69
64, 91, 54, 99, 4
77
87
98
54, 49, 91, 70, 48
64, 74, 5, 23, 93
7, 92, 13, 82, 8, 34
52, 10, 11, 71, 66, 48
50, 33, 99
40, 18, 97, 97
60, 87, 97, 15
64, 69, 72, 71
61, 86, 76, 97
44, 86
62, 40, 61, 98
87, 57, 94
29
66, 92
83, 63, 53, 85
24, 22
92, 83, 88, 36, 50
35, 16, 40, 74, 47, 32
61, 25
18
81, 77, 20, 85, 16
7, 43, 79, 15
8, 15, 69
69, 27, 70, 45, 0, 27
11, 70, 87, 87, 32
12
85, 64, 43, 32
18, 32, 20, 12
90, 36, 89
47, 97
32, 58
75, 36, 49
83, 84, 68, 72
32
4, 8, 82, 52, 56, 32
94, 34, 8, 74, 7, 78
60, 5
97, 13
15, 79, 93
97, 84, 41, 22
2
50
24
38, 65, 24
32, 75, 29, 2, 75, 42
42
51, 0, 15, 98, 94
53
19, 73
46
80, 57, 92
93, 50, 45
25, 87, 71, 18
82, 43, 65
46, 8, 49, 11, 57, 54
88
39, 35
45, 14
56, 68, 91
14, 57, 43
8
92, 66, 11
46, 12
77, 57, 69, 26, 37
62, 9
36, 39, 83, 92, 53
90, 64
96, 28, 51, 34
59, 70, 4, 9
35, 36, 22, 14
33, 10, 74, 69
54, 4
7, 62, 64
2, 95
59, 86, 77, 39
59, 27, 51, 11, 72, 5
26, 69
43, 19
23, 52, 22
15, 5, 43
51, 95
14, 16, 87, 23, 56
35, 43, 99, 17
69, 5
94, 25, 16, 69, 24
13, 65, 93, 31
42
26, 41, 92, 0, 32
4, 57, 34, 60
70, 11, 59, 64, 26, 77
69, 17, 92, 56
36, 90
46
63, 57, 17, 21
60, 82, 87, 21, 72, 14
87
71, 89, 73, 29, 31
57, 24, 51
34, 27, 5
93
72, 15, 60
4, 15, 19, 53, 12
48, 15, 54, 69, 91, 19
93, 13, 37
98, 48, 7, 33, 97
33, 44, 4, 36
18
30
23, 9
17, 76
46, 44, 42, 93
41, 69, 36, 88, 31
0, 59, 45, 78, 98, 27
15, 61, 52
71, 67, 15, 23, 92, 72
33
18, 29
18
96, 27, 96
16, 21, 89
9, 28
70, 76, 51, 29, 72, 6
16, 74
63, 22, 58, 79, 55, 64
16, 13
88
86, 6, 15, 22
56, 32
40, 64, 88, 76, 95
23, 34, 14, 58, 59
96, 58, 13, 11, 66, 21
22, 43, 97
87, 62, 25, 53, 61, 99
92, 28, 87, 67
42, 18, 83, 43, 20
84, 71
33, 72, 93, 35, 19, 26
59, 0
90, 33, 36, 28, 67
77, 42, 43
45, 12
15, 21, 16
45, 5, 75, 51
65, 84
94, 26, 10, 9, 35
51, 89, 74, 49
93
35, 18, 49, 5, 71
73, 94, 71
73, 1, 61, 25, 86, 34
28, 29, 77, 5
23
61, 31, 63, 49
0, 51
89, 80, 57, 9
4, 89, 65, 91
27, 31, 55, 66
12
15, 48, 62, 54, 10, 16
91, 25, 72
13, 32, 5, 87, 74
73, 59, 60, 74
5, 57, 49, 91, 36, 76
23, 29, 73
12, 23
47, 43
89
70
34, 62, 17, 34, 21
23, 6
65, 56, 25, 7
86, 18, 36, 88, 35, 43
65, 30, 80, 85
17, 16, 25, 48, 8
62, 25
0, 1, 28, 29, 49, 47
32, 92, 72, 36, 15, 13
29, 82, 9, 9, 36, 18
64, 68, 87, 28
48
21, 53, 39, 46
37, 42, 83, 72, 44
85, 15, 43
16, 5, 64, 47, 9, 34
36, 92
47, 98, 86, 7, 19, 57
83, 33, 83, 23, 75
35, 77
74, 64, 61, 96
24, 82, 39, 31, 96, 27
4, 36, 89
92, 90, 57, 28
53, 64, 45
58
73, 91, 88, 93, 18
47, 8, 67, 55, 11, 32
35
85, 54
32
86, 50, 96, 63, 22, 64
61, 19, 14, 64, 20
51
81, 73, 12, 55, 18
59
63
66, 70, 95, 60, 29, 76
18, 63, 42
40, 96, 17, 90, 46
74, 66, 89
23
53, 41
65, 66
44
78, 54, 90, 47, 68, 69
25, 18, 14, 64
97, 36, 12, 38
39, 93
71, 47, 66
50, 11, 23, 8, 52
46, 62, 33, 5
67, 33, 93, 83
93, 55, 74, 79
16
90, 10, 15, 5, 9, 74
48, 44, 96, 39, 4
22, 37, 66
68, 78, 52
76
60
99, 29, 74
8, 45, 51, 92, 70
46
33, 98, 22, 68, 8, 77
43
56, 10
80, 9
85, 9
21, 99
40, 92, 69, 85
83, 17, 30, 14
77
73, 71, 63, 77, 96
95, 11, 13, 19, 24
56
51, 94, 6, 5, 30
61, 69, 18, 66
37, 63, 94
91
61, 26, 9, 45
67, 47, 85, 78, 34, 62
50, 40, 35, 52, 19
10, 87
72
95, 77, 67, 29, 62, 6
18, 3, 66, 9, 21, 82
0, 12, 88, 62
11, 94, 63
78
38, 31, 15, 42, 29, 7
42, 80
65, 95, 40
8
19, 34, 56, 18
46, 89, 57, 44, 79, 52
94, 68, 59
30, 79, 98, 72
0
36
54, 67, 82, 25, 54, 81
50, 73, 62, 31
30, 68, 46
95, 97, 48, 17, 85, 76
33, 60, 24, 82, 40, 72
77, 56, 79, 73, 64
68
79, 75, 89, 87, 56
98, 71, 51
23, 42, 78, 23
32, 2, 89, 64, 96, 40
74, 14, 95, 24, 99
41
99, 70
5, 25, 45, 75, 44
65, 18, 74, 94, 40
2, 26, 71, 22, 13
51, 1, 3
5, 30, 67, 55
78, 17
42, 42, 85
69, 99, 55, 72, 64
25, 41, 78, 80, 60, 71
4
62, 32, 57, 88, 4, 19
20
14, 17, 27, 8, 73, 50
0
35, 27, 10, 67, 62, 27
83, 17
72, 41, 88
22
98, 55, 87, 5
48, 46, 89, 82, 96
82, 24, 44, 55, 52
87
22, 21, 81, 63
69, 61, 35, 10
12
70, 92, 50, 37
18, 81, 0, 42, 24
70, 64, 98, 65, 41
91
93, 34, 31, 97, 74, 14
94, 52, 75, 49, 63
55, 77, 92
88, 9, 70, 47
50, 0, 1, 25, 4, 56
78, 55, 24, 2, 96, 88
69, 85, 5, 21, 3, 39
74, 95, 30
56, 94, 41, 64, 47, 78
56, 11, 85
37
70
85, 66, 99, 18, 30, 80
64, 27, 54
58, 28, 35, 68, 41, 3
56, 76, 91, 76, 72
93, 41, 83, 5, 10
80, 32, 65, 71, 45, 70
7, 7, 75, 18, 52
35, 9
13
15, 10, 13
90
20, 47, 36, 73
52, 92, 94, 11, 83, 93
90, 52, 80, 47
37, 41, 90, 95
60
20, 44, 33, 51, 2
5, 3
40
34, 7, 12, 11
68
95, 56, 56
87
65, 53, 91, 72, 5, 84
0, 25
88, 13
9, 6, 61, 31, 38, 14
3, 66
53, 72, 90, 59, 20, 83
98
79, 71
7, 98
14, 6
48, 20, 92, 27, 73
45, 67, 84, 71, 9
47, 19, 83
97, 2
63, 77, 34, 95
68, 46, 4, 37, 40
66
3, 11, 2, 17, 50, 27
58, 70, 99, 87
58, 28, 80
26, 51, 55
82
50
92, 31, 44, 51
42, 22, 62
15
25, 44
59
1, 79, 83, 42, 46, 69
73, 69, 48, 13, 1
43, 56, 77, 62, 32
9, 21, 14, 32
66
97, 29
23, 58, 51, 89
13, 46, 58, 51, 88
31, 71
1
35, 74, 5, 23, 10
56, 24, 49, 85
72, 16, 94, 4, 42
79, 50, 7, 59
56, 31, 87, 36
66, 63, 1, 15
87, 45, 45, 34
7, 15
81
81, 12
85, 43, 1, 43, 82
95, 61, 57, 82, 51
0, 5, 30
67, 87, 87
53, 38, 17, 85, 23
67, 90, 51, 22, 92
73, 70
92
98, 99, 69, 45
76, 4, 16
29
24, 7, 58, 12, 46, 50
79, 65, 53, 94
28, 97, 71, 16, 25, 9
58, 91, 91, 36
58, 96, 61, 51
1, 62, 18
18, 14, 93, 42
40, 63, 90
72, 74, 64, 40, 97, 24
68, 79, 68, 86
61, 64
44, 84, 22, 95, 20, 16
68, 61, 82, 41, 85
57
29, 66, 10
69, 11, 92, 42
78
6, 52, 51, 20, 63, 48
96, 17, 38
45, 64, 7, 64
41, 89, 4, 27
3
8
98, 60
90
76, 12, 23, 66, 76, 7
97, 84, 13, 87, 67, 81
95, 4, 32, 99
89, 66, 1, 93
89, 68, 9, 88, 27
35, 41, 81, 92, 55
18
55, 51, 0, 90, 17
35
95, 14, 67
10, 76, 59, 59, 89, 74
88, 96, 51, 15, 3
97, 21, 27
44, 21, 92, 81, 70
36, 26, 8, 67
22, 30, 74, 16, 36, 29
15
14
45, 65, 56, 81, 36
32
21, 0, 30, 71, 73
96, 43
58, 45, 78, 17, 23, 45
37, 68, 3, 20
51, 55, 69
37, 53, 11, 93, 80, 65
58, 89, 17, 98, 57, 81
5, 88
5
1, 96
18, 73, 86, 99
7, 85, 6, 16, 32, 99
37, 28, 97, 33, 18
63, 80
18
62, 60, 11, 86, 65
22, 45
37, 59, 94, 44
58, 69, 98, 5, 14, 97
81, 13, 67
52, 41, 78, 71
76, 4, 0, 51, 51, 95
64, 48, 27, 7, 5
68, 21, 93, 23
95, 89
14, 67, 26
27, 99
63, 58
16, 69, 59
0, 17, 41, 83, 23, 36
79, 91, 89, 71
82, 76
72, 62, 26
73, 49, 39, 52, 37, 88
38, 53, 25, 37
29, 20, 3, 43, 58
29, 31, 59, 99
23
16
55, 31, 56
29
40, 61, 46
23, 91, 42, 38, 60
18, 64, 16, 38, 37, 17
7
73, 3, 84
11, 28, 74, 58
30, 56
58
16, 71, 74
25, 19, 41, 11
26, 66, 69, 79, 31
73, 64, 90, 56, 9
9, 65, 1, 37, 16
41
19, 99, 87
8, 41
18, 10, 93, 91, 41, 82
68, 16, 97, 96, 16, 90
99
23, 56, 84, 73
42, 68
85
24, 35, 16, 42, 64
62, 37, 85, 70, 63, 92
56, 71
81, 55, 25, 1, 20, 35
36, 73
99, 9, 24, 32, 34
32, 95, 40, 38
14, 14, 43, 66, 26, 24
73, 38, 85
44, 17, 18, 68, 12
77, 43, 44, 27
86, 48, 83, 32
38
5, 85, 60, 91, 54, 58
51, 53, 57, 9
58, 57, 68, 20, 54
27
97, 70, 10, 63
94, 82, 12, 27
76, 82, 66, 61
85, 1, 15, 42, 42, 45
55, 42, 71, 74
92, 99, 58, 16, 32, 2
11, 80, 76, 44, 49, 19
81, 51
41, 53, 91, 44, 57
66, 69, 16, 1, 73
33
26, 59
65, 68, 5, 99, 10, 62
9, 62, 46, 77
21, 78, 74, 51
15, 51, 98, 69
95
24, 57, 79, 84, 99, 2
89, 30, 77
54, 98, 16, 45, 77, 25
58, 96, 41, 96, 95, 0
55, 46, 71, 50, 22, 88
56, 6, 39, 84, 49
52
21, 24, 99, 87, 13
31, 42, 35
96, 31, 50, 2
23
36, 30, 35, 48, 46, 93
91, 92, 13
61, 24, 44, 41, 20
12, 38, 44, 43
83, 89, 38, 63
83, 24
89, 93, 38, 68
79, 45, 58, 95, 48
36, 20
74, 20, 96
65, 6, 36
81, 88, 0, 65
73, 92, 33
31, 79, 63, 89, 25, 56
71, 98, 78, 91
54
96, 87, 36
50, 78, 62, 71, 16, 98
21, 81, 18, 60
8, 18, 48, 65, 74
44, 54, 92, 91, 72
90
65, 32, 9, 49
62, 40, 17, 94, 19, 39
7, 24, 79, 60, 64
23, 46, 12, 87, 42, 23
9
49, 84, 70, 22, 56
57, 40, 67
35, 9
41, 78, 73, 20, 87
69, 77, 2
31, 36
22
55, 60, 13, 70, 69
98, 11, 14, 80, 90
94, 71, 89, 80, 90, 72
0
84, 74, 34, 43, 82
39, 72, 12, 51, 25
67, 70, 76
23, 13, 65, 71
65, 9
10
78, 79, 56, 70, 35
96, 89, 91
9, 29, 99, 67, 41, 58
18
2, 52, 5
89
54, 65, 57
1, 15, 6, 25
54, 20, 35, 77, 81, 5
43, 48, 67, 28
70, 29
39, 58, 64
74
58, 58, 20, 92, 40
58, 23
92, 55
13, 6, 53, 99, 2, 0
84, 95, 81
1, 38
67, 7, 63
49, 73, 25, 58
97, 5, 39, 29, 34, 53
13, 11, 12
68, 98, 20, 95, 58
90, 43, 86, 37
84, 90, 30, 50, 94
46, 74
50
6
10, 51
97, 65, 68, 36, 37
85, 59, 79, 4, 28, 2
55, 49, 48, 2, 37, 18
49, 55, 21, 51, 22
80, 66, 3, 23, 29
47, 70
93
44, 82, 31, 28
68, 84, 77, 45
45, 76, 23, 73
34, 92, 69, 48
43, 52, 82, 68, 62
74, 0, 11
20, 67
86, 0, 4, 86
10, 68, 1
50, 29, 5, 30, 69, 18
29, 30, 19, 13, 37, 92
12, 21, 15, 87, 99, 80
53, 54, 75, 33
80, 22, 55, 79, 34, 14
69, 38, 48, 54, 40, 8
27, 77
64, 21, 95, 30, 58, 31
75, 17, 65, 13, 5, 96
3, 32, 14, 45, 13
62, 66
2, 94
90, 47, 54
48, 66, 99, 14, 7
23, 46, 51, 6, 52, 95
60, 82
67, 27, 93, 7, 47, 24
48, 65
86
31, 63, 0
32, 42, 17
94, 8, 32, 9
23, 0, 32
70
44, 63, 88
8, 39
69, 46, 93
92, 35, 63, 50, 10, 82
84, 26, 83, 59
17
31, 18, 33, 47
82, 79, 22, 20, 83
88, 61, 0, 66, 92, 65
2, 9
64, 46, 97, 2
60, 78, 41
33
8, 43, 32, 4, 13
21
46, 52
97, 12
77, 52, 61, 40
1, 34, 49, 63
25, 28, 36, 62, 34
60, 2, 13, 68, 50
45, 36, 69, 73
84, 39, 11, 39, 87
86
60, 80, 52, 31, 63
44, 53, 85, 83
5, 28, 98, 45, 67
78, 50, 17, 19, 26
59, 70, 61, 38
7, 76, 44, 50, 45, 52
96, 61
60, 19, 16, 73, 78, 66
29, 42, 20, 55, 87
45, 33, 12
5, 28, 69, 86, 16
30, 72
97, 88, 62, 52, 87
62
94
8, 76
73, 39
17, 6, 49
93, 13, 3, 71
70, 26, 80, 61, 16, 14
17, 71, 87, 89
16, 3
44, 42, 84, 41
52
94, 36, 86, 10, 69
1, 21, 6, 95, 65, 63
4, 69
29, 53
53, 21
25, 19, 96, 43, 9, 46
43, 20, 65, 36, 40, 61
81, 32, 59, 26
99
8, 89, 14, 56, 16
19, 61, 6
35, 0, 2
91
75
43, 33, 67, 88, 65
55, 69, 14, 72
93, 66, 99
29, 24, 11, 10, 26, 74
35, 87, 57, 90
98, 38
21
95
19, 26, 0, 89, 60, 29
20
16, 17, 22, 87, 90
62
70, 98, 27, 58, 85
13, 14, 48
54
53, 49, 27
7, 62, 9, 84, 39
70, 64, 1, 14, 29, 19
84, 28, 97, 55
41, 85, 51, 69, 91
36, 60
98, 14, 38, 20, 29, 80
60, 15, 8, 27, 64
42, 97
99, 96, 88, 56, 82
58, 18, 67
45
78, 94, 63, 74
7
54, 80, 80, 66
99
66, 37, 56, 55, 44
56, 53
2, 81
45, 67, 57, 72
12, 48, 87, 5, 18
53, 16, 95
20
75, 68, 25
65, 23, 83, 55
49, 26, 20, 7, 50
98, 23, 54, 9, 82, 55
17, 48, 86, 51
9, 44, 78
24, 30
15
95, 32
31
70, 1, 55, 32
12
98, 26
46, 35, 26
44, 96
1, 3, 68
99, 65
20
32
90, 45, 52, 93
97
5, 13, 43, 16, 62
57, 42, 59, 74, 63
54, 21, 48, 17, 78
54, 87
26, 86, 1, 47, 87
37, 30, 48, 94
68
66, 93, 30, 77, 73, 2
13, 1, 37
44, 16, 38
69, 57
38, 46, 78
97, 18, 56, 52
96, 48, 80, 81, 77, 78
35, 73, 30, 84, 16, 15
85, 32
91, 94, 52
89, 83, 85, 54, 66
79
11, 43, 64, 37, 65
48, 15, 53
13
15, 87
64
84
11, 76, 17, 96, 5
57, 27, 42, 13, 75
75, 88, 91
8, 48, 67, 84, 4
34, 50, 85, 22
69, 4, 33
70, 38, 0, 0, 46, 38
24, 99, 95, 65
37, 47, 33, 61, 15, 42
42, 91, 15, 95
13, 70, 4
35, 93, 49, 15
72, 89, 57, 28
3, 31, 42, 62
45, 11, 94, 51
55
86, 65, 17
26, 78, 49, 39, 31
97, 88, 20
15
39, 58, 93, 31
52, 88, 36, 78, 86, 88
52, 38, 34
7
37, 51, 39
15, 50, 49, 37
48, 63, 68, 53, 42, 13
32
71, 83, 16, 89, 31
34, 41, 88, 25, 41, 90
46, 0, 15, 15, 25, 9
45
61, 48, 36
75, 78, 6, 79, 82
72, 0
66, 76
72, 73, 25, 77, 30, 30
84, 48, 64
84, 37, 37, 71
93, 9, 31, 94, 50, 51
86, 1, 55
12, 47
31, 92, 20
97, 92, 19, 47, 17, 40
63, 43
14, 59, 33
14, 35
76, 62, 32, 2, 21, 21
24
98, 45, 22
36
83, 22, 39
17
94
57, 58
94, 77, 10
81, 22, 0, 91, 42, 46
62, 53, 35, 70
28
45
34, 98, 58, 95, 90
73, 79, 62
83, 68
79, 18, 97, 96, 67, 48
24, 82, 70, 61, 1
38, 18, 97, 38, 15, 71
69, 37, 83, 54, 34
75, 22, 47, 85, 56
2
43, 3, 14, 30
70, 3, 7, 1, 15, 44
19, 52, 87, 74, 22
21, 47, 11, 25, 68, 62
26
66, 6
21, 17, 62, 79, 61
56
20, 98, 32
25, 90, 90, 92, 49
31, 1, 33, 88, 61, 2
3, 91, 44, 86, 16, 49
24, 98, 31, 73
16, 33, 80, 2
67, 19, 84, 95, 15, 78
57, 4
81, 40, 49, 11
71, 80, 37, 4, 92
57, 10, 11, 35
80
83, 74, 92, 98, 25
55, 23, 48, 33, 90, 6
86, 61, 89, 23, 33
92, 52
92
57, 11, 61
56, 77, 96, 67
62, 35, 39, 30
33
32, 84, 81, 78, 49, 46
87, 65, 65, 90, 73
17
81, 20, 21
52, 2, 29, 57, 19, 34
66, 74
90
57
82, 93
57, 58, 82
2, 90, 16, 97, 57
70, 31, 85
55, 73
6, 69, 72
0
80, 69, 60
4, 79, 75, 16
20, 94, 22, 47, 59
50, 44
87, 52, 26, 82, 71, 86
21, 18
97, 6, 18
32
27, 8
5
66, 85
40, 65, 47
78, 53, 5, 8, 46, 88
29, 58
10, 78
46
13, 47, 20, 60
46, 64, 42, 88, 21, 93
98
50, 52, 72, 14, 82, 25
19, 22, 42, 72, 0
65
81, 52, 7
36, 7, 59, 15
96
8, 42
75, 52, 59, 44, 10
57, 67, 32, 2
49, 55, 29
36, 20, 44
39, 68, 21, 41, 16, 93
12, 42, 97, 55, 87
31, 96, 74, 62, 1
39, 27, 70, 92
41, 33
63, 36, 86
52
28
2
84
79, 21, 49, 66
71, 81
34, 16, 59, 85
76, 41
96, 39, 94, 99, 46
93, 9, 28, 4, 6
5, 84, 63, 27
90, 40, 98
29
86, 31, 73, 45, 49
26, 53, 2, 67, 25
66
65, 30, 43, 43
63, 11, 12, 44, 48, 39
76
63, 99
50, 70
97, 37, 43, 46, 75, 92
57, 45, 37, 38, 46
93, 77, 27, 67, 47, 92
69
75
95, 40, 32, 54
20, 89, 12, 16, 28, 18
45, 45, 90, 98, 99
63, 67, 90, 63, 2
1, 10
34, 0, 94, 26, 2
65, 86, 20
72, 83, 40, 25, 65
38, 55, 5, 3, 41, 84
30
3, 79, 42
50, 89, 17, 74
33, 14, 91, 28, 96
23, 93
88, 78, 12
86, 33, 70, 27, 3, 86
77, 29
16, 49, 8, 69, 22
15, 93, 17
43, 18, 43, 34, 53, 26
3, 82, 61, 34, 54
32
5, 7, 7, 16
67, 99, 90, 29
65, 47
25, 25, 44
92, 75, 52, 91, 15, 53
78, 64
96, 55, 47, 32, 63, 95
15, 78, 11, 91, 23, 17
78, 20, 75, 7, 20
31, 29
83, 20, 45, 65, 47, 33
92
92, 53
35, 62, 73, 28, 85
94, 86, 91, 50
17, 29, 8, 3, 24, 84
26, 71, 79, 39, 23, 79
14, 43
40, 34, 32
91, 10
10, 31
89, 58, 86, 47, 76
43, 78, 89, 10, 95
37, 59, 13
46, 44, 50, 62, 57
4, 29, 51, 29, 5
49, 34, 9, 67, 89
29, 33, 82, 97
24, 60, 32, 34, 74, 80
6, 30, 13, 95, 36
17, 63, 10
48, 10
34, 93, 81, 51, 20
95, 87
51
76, 88, 37, 31, 41, 71
61, 3, 69
75
50
24, 55, 19
91, 38, 13
49, 69, 35
32, 17, 92, 68, 27, 33
76, 23
47, 91, 45, 72, 89
11, 16
84, 31, 0
64, 79, 67, 5
25, 31, 22, 9
6, 86, 84, 39
41, 48, 21, 44
24, 51, 80, 46, 45, 36
58, 85, 74, 47, 18, 96
26
17, 28, 7, 54
28, 38, 62
34, 95, 90, 50, 83, 31
66, 87
58, 8, 24
48, 31, 63, 95, 95
56, 87, 41, 60, 19, 74
91
38, 95, 76, 8, 70, 71
38, 87, 35
99, 66, 0, 29
63
10, 0, 23
46, 1, 75, 49
97, 30, 1, 91
67, 64, 66
67, 89
57, 55, 17
9, 12, 25, 81, 86
38
38, 1, 41
16
22, 96, 93, 75, 99, 62
69, 63, 16, 69, 97
24
41, 58, 89, 68
3, 17
86, 74, 69, 18, 76
39, 50, 15, 12, 4, 46
62, 29, 90, 87, 37
3, 48
90, 64, 46, 33, 81, 13
20, 65, 46, 76
0, 73
8, 4, 50, 53, 35, 20
61
22, 79, 74, 3
93, 36
33, 57, 59, 9, 36
34, 55
26, 23, 42, 32, 7, 34
41, 77, 43
44, 7, 94, 67
46, 20, 79, 85, 22
25
81, 61, 88, 94, 19
88, 8, 10, 19, 1, 92
95, 78, 66, 54
80, 26, 1, 27, 70, 64
6
25, 40, 28, 47, 95, 24
3
90, 34, 2, 47, 31
84
32, 46, 63, 98, 30, 22
63, 88, 81, 29
99, 27
40
68, 64, 81, 55, 33, 40
95, 3
29, 22, 82, 65, 52, 38
75
26, 99, 5
13, 90, 42, 44, 88
15, 12, 37, 87
8, 84
14, 37
49, 83, 11
66, 36, 52, 84, 53
70, 46, 18, 91, 39
40
11, 56, 78, 5, 74
6, 56, 15, 36
49
42, 25, 98, 84
35, 65, 83, 56
49, 50, 61, 7, 14, 93
5, 46, 91, 6, 16
9, 77, 35, 81
67, 43, 64, 86, 31
37, 35, 92, 18, 56
95, 5, 32, 76, 92
75, 0, 29, 72
64, 85
2, 42
4, 69, 82, 95, 29
86, 69, 79, 74
66, 96, 18
72, 10, 70, 82
35
34
57, 4, 14, 6, 81, 10
81
65, 84, 30, 9, 88, 89
81, 13, 12, 58, 60
30, 77, 84, 66, 75
17
70, 4, 49, 28, 13
49, 62, 49, 16, 75, 2
13, 74
9, 33, 3, 78, 25, 71
86, 73, 72
84, 92, 91, 22, 41, 38
65
70
73, 60, 67, 68
17, 93, 99, 77
91, 19, 51
24, 88, 97
92, 14, 56, 46, 14
55, 98, 0, 77, 23
65, 88, 46, 53
58, 15
64, 67, 64, 43, 77
97, 76, 35, 9, 39
10
60, 94, 96, 83
88
30, 93, 72, 20
55, 99, 54
66
20
39
54, 54, 99, 3
77, 77, 10
59
84, 82, 33
26, 64, 18
10
20, 10, 91, 69, 48, 12
62
27, 37, 71
12, 78, 91, 61
55, 25, 20, 18, 51
3, 50, 28, 39, 11
96, 62, 50, 49
6, 67, 92, 20
38, 43, 73, 89, 10
33, 41
62, 1, 87, 81
47, 92, 14, 77, 97
44
84, 53, 30
78, 57
94, 18, 52
25
22, 25, 25, 17, 88
79, 76, 31, 17
58
9, 56, 62, 72, 23, 0
98, 68, 42
30, 25, 60, 0, 44
31, 52
94, 39, 23, 15, 29
20, 75, 52
88, 86, 15, 64
18, 28, 35, 24
54, 73, 45
3, 24, 91, 83
63, 65, 26
40, 95
79
21, 56, 10, 72
56, 80, 35, 86
95, 48, 53
83
52, 81, 18, 36
61, 12, 36, 73, 80
93, 72, 71
93, 84, 44, 94, 60
41, 47, 19
42
19
11, 70, 87, 88, 56
59, 38
28, 81, 83, 72, 59, 32
83, 77, 3, 0, 20, 89
91
5, 3, 31, 26, 90
50, 22, 89
82, 62, 89
99, 78, 83
77
98, 63, 81, 5, 22, 27
76, 17, 54
76, 68, 44, 86
8, 90, 24, 27, 93, 88
3, 99
64, 13, 76, 13, 86, 53
59, 37
73
0
92, 67, 39
65, 79
58, 78, 35, 25, 26, 30
96, 86, 82, 54
35, 1, 40
7, 17, 93, 56
53
91, 15, 38, 52, 25
8
62, 90, 10, 43
26, 11
11, 43, 96, 66, 32
49
92, 94, 88, 38
94
85, 30, 30
15
60
32, 64, 92
61, 20, 79, 17, 3
34, 97
7, 35, 45
84, 78, 33, 10
19, 35
58, 76, 93
67, 86
95, 32, 14, 29, 26
22
96, 71
64, 15
37, 52, 76
32, 90, 76, 75, 70
12, 48, 72, 4
78, 3
72, 33, 14, 65, 75
36, 21, 77, 12, 69, 2
20, 59
53, 80, 79
3, 83, 82
22, 42
21, 19, 9
7, 38, 52
17, 97, 11, 21
19, 64, 22, 88, 92
11
63, 72
87, 54, 67, 29, 10, 21
66, 97
52, 66
77, 38, 99
92, 5, 56
91, 58, 82, 63, 91, 87
8, 93, 56, 66
38, 27, 46, 29
52, 76
88, 92, 52, 36
86, 31, 52, 34, 57
19
90, 53, 51, 42
68, 14
30, 75
90, 17
91
35
14
45, 22, 65
79, 3, 85, 96, 81
28
69, 64, 38, 11, 8, 1
56, 22, 58, 40, 21
81, 90, 34, 84, 40
88, 29, 53, 66, 2
77
11, 1, 81
98, 67, 39
82, 45, 34, 47
69, 77, 50, 86, 77
48, 68, 50
61, 7, 59, 64
78
59, 99
19, 14, 13, 86, 1, 27
77
10, 53, 3
95, 85, 40, 67, 43, 97
61, 9, 49, 71, 47
12
33, 68
73, 66
75, 63, 34, 13, 39, 85
14, 70, 91, 9, 78, 39
41, 42, 37, 40
32, 58, 96, 28
5, 2, 61, 76, 96
85, 8, 80, 77, 4, 14
95, 78, 99
73
54, 53, 75, 73, 56, 78
68, 80
98, 66, 24, 62, 76, 77
18, 49, 3, 32, 33
63, 26, 25
51, 86, 8, 39, 17
40, 35, 12
8, 10, 2, 23
37
99, 52, 27, 95
45
72, 80, 59, 88, 18
90, 65, 61
55, 46, 73, 52
7
47, 83, 97, 62
46, 21, 99
97