20, 32, 18, 32, 28
16, 9, 19, 3
16, 21, 25, 45
29, 18, 41, 8, 2
49, 23, 42, 18
21, 32, 7, 49
5, 15, 11, 35, 29
3, 44, 9, 7, 18
46, 41, 17, 38
12, 0, 48, 46, 19
35, 14, 8, 27, 39
49, 25, 16, 38
34, 18, 1, 23, 1
34, 45, 10, 35
3, 29, 7, 1, 16
17, 39, 47, 8
6, 26, 25, 17
9, 43, 36, 25, 22
47, 31, 11, 40, 4
43, 27, 2, 20, 35
31, 39, 49, 24, 20
40, 29, 24, 31, 33
30, 3, 30, 10
22, 49, 12, 29, 6
0, 3, 35, 47
34, 30, 2, 9
32, 29, 17, 1
5, 21, 30, 7, 15
44, 29, 27, 17, 33
8, 41, 42, 47, 47
32, 4, 44, 37
6, 40, 35, 24
34, 27, 47, 12, 45
33, 28, 4, 41
22, 20, 47, 3
43, 17, 46, 24
11, 16, 41, 25, 8
13, 9, 20, 31, 14
42, 43, 41, 27, 2
42, 17, 18, 29
14, 10, 21, 21, 12
36, 34, 32, 21, 22
16, 44, 43, 47, 48
26, 6, 48, 26, 17
11, 21, 43, 21, 23
42, 2, 7, 35
20, 29, 17, 36, 28
19, 39, 44, 24, 33
9, 32, 49, 21, 14
8, 32, 2, 15
32, 34, 0, 0
21, 2, 9, 8, 13
46, 34, 16, 20, 4
1, 49, 8, 31, 18
45, 22, 9, 0
35, 2, 38, 29, 29
19, 37, 43, 27
15, 22, 2, 29
40, 24, 43, 41, 10
27, 8, 25, 46
10, 18, 21, 34, 0
1, 17, 34, 26, 1
27, 14, 3, 3, 45
18, 19, 23, 27, 31
30, 0, 0, 48, 44
14, 46, 19, 23, 13
25, 40, 34, 22
1, 32, 34, 32, 24
8, 46, 30, 25, 31
39, 33, 30, 22
35, 4, 46, 27, 44
31, 36, 31, 8
1, 21, 23, 44
6, 42, 0, 11
6, 28, 9, 49, 46
35, 30, 34, 24
8, 34, 33, 11, 4
17, 41, 22, 47
0, 5, 35, 7, 10
18, 2, 22, 25, 34
21, 32, 14, 0
23, 38, 28, 14, 11
17, 9, 25, 12, 46
10, 5, 8, 12
13, 38, 49, 12
28, 3, 27, 9, 38
28, 7, 34, 42, 34
11, 17, 30, 14, 46
14, 42, 16, 29, 37
29, 28, 22, 38
46, 43, 42, 49, 22
41, 1, 24, 27, 41
14, 45, 49, 49, 44
4, 26, 45, 34, 2
39, 4, 11, 33, 4
19, 19, 11, 22
29, 46, 22, 21
25, 22, 45, 8, 2
25, 9, 17, 22
21, 34, 19, 25
12, 3, 45, 46, 21
5, 22, 28, 25
34, 42, 26, 13
1, 30, 36, 28, 22
8, 12, 49, 27
12, 25, 44, 31
20, 27, 13, 17
45, 20, 8, 25
29, 35, 33, 43
23, 12, 37, 3
18, 26, 24, 47, 7
49, 29, 20, 45, 37
24, 10, 12, 40
48, 41, 34, 9, 7
43, 48, 23, 43
40, 27, 5, 49
48, 40, 29, 30, 17
33, 49, 42, 4
41, 33, 17, 35, 29
41, 41, 25, 1
3, 45, 38, 37
23, 35, 29, 10, 38
41, 12, 8, 11
23, 43, 23, 24, 11
4, 18, 25, 46, 26
32, 41, 30, 15, 21
49, 31, 29, 5
24, 7, 10, 9, 42
28, 16, 27, 14
39, 3, 9, 49
15, 41, 1, 8, 45
15, 43, 6, 7
6, 18, 27, 23
6, 13, 30, 36, 30
14, 20, 19, 29
12, 8, 6, 1, 24
47, 31, 45, 4
29, 1, 12, 11
12, 30, 35, 20
10, 4, 44, 31
46, 42, 4, 35
34, 21, 9, 38
6, 44, 44, 7, 14
12, 13, 41, 14
1, 12, 49, 1
22, 23, 23, 26, 11
48, 23, 40, 16
19, 9, 16, 49, 47
5, 18, 22, 13, 47
41, 21, 25, 43, 20
25, 39, 42, 43, 46
12, 26, 34, 20, 27
35, 25, 45, 6
8, 36, 15, 10
6, 17, 47, 33
29, 5, 4, 17, 42
45, 17, 10, 28, 6
28, 38, 9, 33, 9
15, 44, 17, 3, 47
21, 41, 8, 28
37, 13, 41, 42, 36
5, 27, 5, 48, 18
7, 25, 7, 26
3, 4, 49, 48
24, 1, 20, 12, 12
46, 10, 14, 26, 45
21, 12, 41, 20, 1
46, 4, 7, 38
32, 22, 12, 12, 34
5, 47, 48, 32
24, 43, 37, 23, 0
11, 30, 19, 40, 36
38, 49, 40, 34
36, 15, 9, 3, 0
43, 0, 17, 8, 32
26, 23, 1, 4
37, 22, 40, 14, 41
19, 45, 28, 6, 6
28, 36, 34, 7
27, 38, 46, 42, 40
44, 5, 1, 41
8, 4, 9, 23, 42
19, 18, 20, 42, 49
14, 12, 6, 38
11, 2, 13, 5
32, 25, 19, 27, 5
2, 8, 31, 38
21, 4, 3, 11, 20
42, 28, 15, 39, 38
43, 48, 25, 16
1, 32, 44, 31, 47
37, 35, 36, 6, 40
20, 27, 40, 42
22, 15, 14, 32, 13
12, 40, 4, 0, 32
36, 33, 26, 38, 45
43, 9, 16, 12
6, 45, 26, 13
30, 33, 27, 12, 5
14, 38, 41, 5, 37
13, 32, 6, 46, 11
41, 11, 29, 1, 49
10, 48, 5, 48
1, 29, 48, 31, 49
32, 10, 2, 30, 22
40, 14, 7, 28
16, 29, 45, 28
0, 21, 15, 3
28, 38, 31, 37
42, 18, 30, 3
34, 46, 19, 10, 14
19, 7, 15, 1, 3
38, 10, 7, 41
18, 6, 36, 36, 46
34, 23, 0, 12, 37
28, 41, 6, 8, 0
4, 9, 36, 46
30, 6, 22, 7
8, 17, 35, 19, 19
39, 38, 9, 9
21, 28, 16, 19
25, 48, 17, 18, 1
38, 17, 30, 49
42, 13, 14, 49
3, 20, 31, 29
43, 42, 20, 49
0, 43, 45, 22, 42
16, 21, 40, 18
49, 48, 18, 10
15, 5, 49, 34, 15
12, 32, 22, 37, 40
42, 6, 37, 25, 19
24, 31, 37, 12
13, 15, 18, 31, 44
32, 18, 30, 49
23, 34, 41, 15, 22
40, 22, 22, 22
35, 22, 35, 36
19, 6, 33, 40, 2
3, 15, 43, 25
48, 7, 28, 41, 34
33, 45, 33, 21
46, 31, 2, 40
36, 1, 8, 9
48, 45, 23, 49, 35
5, 44, 30, 10, 3
40, 45, 28, 10
35, 45, 47, 47, 17
6, 42, 31, 25
48, 29, 36, 47, 31
39, 43, 34, 9, 0
47, 28, 45, 34
29, 17, 40, 40, 4
40, 35, 1, 16
33, 11, 18, 45, 23
34, 12, 35, 39
34, 28, 11, 38, 33
31, 25, 0, 30
2, 44, 26, 23
13, 45, 39, 20
22, 12, 49, 34
7, 18, 9, 10
11, 33, 43, 18
33, 16, 41, 8, 32
48, 32, 22, 0
34, 47, 14, 10
8, 0, 11, 32
28, 19, 44, 30
4, 40, 31, 15
23, 5, 44, 20
36, 4, 39, 19, 42
32, 33, 42, 37, 16
1, 41, 39, 9, 15
24, 6, 22, 18
0, 33, 49, 8, 31
7, 36, 45, 19
33, 14, 21, 15
5, 0, 21, 40, 3
18, 15, 22, 32, 1
7, 20, 20, 23, 34
8, 21, 28, 18, 22
7, 49, 5, 28, 12
37, 0, 40, 11, 2
0, 21, 34, 9
22, 42, 45, 13, 6
3, 40, 39, 34, 10
49, 18, 8, 26
17, 46, 46, 0, 1
36, 43, 3, 20, 17
21, 11, 21, 1
38, 16, 13, 19
3, 0, 42, 47, 49
1, 29, 49, 8, 2
14, 11, 43, 10, 2
27, 21, 15, 35, 19
38, 20, 35, 3, 24
29, 47, 5, 16
47, 35, 7, 34, 5
17, 29, 42, 35
35, 17, 45, 39
23, 20, 7, 27, 2
14, 45, 2, 31
47, 13, 11, 15
13, 5, 33, 6
33, 24, 1, 14
10, 0, 38, 35, 22
34, 47, 25, 28
29, 13, 39, 41, 0
35, 28, 28, 5
31, 6, 7, 32
23, 4, 2, 34, 44
30, 48, 4, 5
7, 0, 4, 29
18, 28, 26, 17
22, 37, 28, 42, 31
8, 42, 30, 41
12, 12, 47, 42, 4
20, 13, 17, 38
16, 12, 45, 12, 13
49, 11, 36, 38
43, 5, 12, 0, 49
1, 43, 40, 41
37, 49, 36, 24
22, 23, 2, 47
38, 2, 26, 27
37, 42, 31, 17, 27
31, 47, 9, 4, 5
41, 40, 3, 15
2, 27, 5, 43
18, 33, 13, 39, 48
24, 32, 19, 12, 48
9, 0, 33, 10, 19
9, 24, 16, 15
43, 0, 10, 27, 12
43, 25, 47, 40
21, 23, 46, 9, 7
33, 28, 30, 27, 27
4, 40, 23, 23, 48
47, 17, 29, 4
1, 2, 10, 32, 30
45, 12, 44, 49
43, 32, 10, 19, 45
36, 34, 6, 44
18, 20, 35, 26, 18
22, 30, 4, 24
13, 17, 1, 18
44, 19, 25, 43
10, 18, 34, 17, 6
45, 15, 0, 13
24, 42, 5, 48
41, 47, 23, 44
17, 21, 30, 28, 31
32, 25, 44, 15, 41
3, 45, 16, 0, 6
7, 20, 18, 1, 38
12, 37, 4, 25, 39
3, 10, 0, 2
21, 3, 25, 11
43, 9, 41, 43, 41
44, 0, 24, 23, 28
46, 34, 47, 21
5, 32, 16, 40
17, 24, 5, 26, 12
39, 48, 34, 46
19, 43, 3, 41
48, 7, 19, 47, 27
29, 49, 15, 12, 43
20, 8, 30, 37
23, 2, 26, 13
34, 39, 3, 16
30, 46, 10, 21, 32
2, 44, 33, 48, 4
2, 2, 0, 27, 34
33, 31, 21, 7, 7
39, 17, 12, 39
39, 49, 27, 14, 47
9, 6, 11, 2, 16
14, 31, 36, 21, 20
46, 7, 21, 20, 26
12, 22, 31, 44, 14
46, 16, 14, 19, 9
37, 39, 11, 4
38, 19, 34, 21, 39
34, 16, 49, 40, 20
44, 10, 31, 29, 40
29, 0, 4, 32
38, 20, 16, 45, 10
48, 32, 30, 38, 29
12, 7, 38, 14, 24
21, 3, 8, 34, 24
21, 26, 36, 21, 29
11, 32, 45, 18, 35
12, 5, 34, 17, 44
2, 24, 39, 14
16, 45, 45, 29
1, 31, 28, 38
23, 36, 3, 39, 48
2, 14, 19, 26, 22
14, 36, 23, 16
24, 45, 47, 42
27, 5, 49, 18
26, 23, 43, 49
49, 3, 31, 38, 34
36, 41, 7, 35
16, 33, 19, 48
36, 2, 25, 12, 1
40, 27, 23, 5, 49
13, 3, 8, 7
32, 36, 32, 39
4, 47, 9, 12
38, 33, 2, 29
6, 19, 17, 40
5, 14, 44, 43
13, 38, 18, 12, 23
7, 34, 39, 12, 17
22, 0, 28, 16, 24
4, 33, 27, 6
39, 48, 38, 35
26, 8, 31, 49, 12
3, 38, 19, 48, 1
12, 21, 16, 36, 7
22, 42, 20, 45, 32
32, 41, 29, 5
3, 5, 13, 40, 24
31, 12, 34, 14, 20
18, 46, 5, 6, 24
41, 0, 18, 6
40, 0, 17, 5
18, 16, 47, 24
5, 49, 3, 33
14, 5, 19, 29, 14
17, 18, 11, 48
36, 16, 7, 42
10, 26, 24, 26, 7
27, 22, 15, 12
44, 9, 49, 7, 14
12, 2, 34, 5, 30
26, 43, 39, 9, 0
35, 43, 4, 24
29, 24, 27, 1, 14
34, 45, 37, 8, 46
4, 40, 33, 41, 33
3, 45, 21, 27
5, 30, 15, 4
31, 28, 11, 36, 2
27, 22, 30, 41, 21
22, 21, 38, 18, 14
35, 36, 26, 39, 19
6, 15, 5, 11
31, 28, 43, 41
7, 42, 27, 43, 25
2, 41, 24, 30
5, 18, 43, 20, 19
46, 8, 23, 32, 5
7, 18, 3, 29, 34
34, 42, 8, 29
49, 37, 42, 13
35, 34, 16, 25
22, 31, 49, 41
42, 1, 24, 39, 25
40, 15, 4, 40, 44
26, 27, 36, 5, 47
30, 23, 41, 35
6, 14, 15, 41
39, 17, 41, 14
25, 12, 46, 6, 23
28, 46, 0, 22
15, 23, 3, 14, 33
27, 30, 34, 41
13, 19, 43, 31
38, 19, 49, 24
19, 25, 42, 1
2, 38, 48, 27, 11
10, 45, 8, 43, 28
8, 6, 14, 29
38, 6, 15, 40, 29
46, 41, 18, 1, 35
27, 40, 47, 10, 18
45, 30, 46, 41
15, 47, 4, 16
32, 24, 18, 41
35, 41, 19, 17
14, 45, 21, 6
26, 5, 32, 28
18, 14, 16, 25, 36
11, 13, 30, 9
7, 32, 21, 46, 47
35, 16, 22, 0
46, 19, 6, 5
29, 35, 3, 36, 21
2, 34, 4, 47, 8
20, 40, 31, 3
8, 12, 31, 5, 23
45, 18, 8, 17
17, 3, 43, 14, 45
15, 46, 18, 45
8, 1, 47, 5
46, 13, 25, 25, 24
22, 34, 39, 8, 49
23, 40, 4, 18
23, 1, 3, 38, 19
47, 4, 5, 7
23, 46, 2, 37, 46
8, 46, 0, 36, 31
26, 41, 23, 6
47, 5, 10, 13
35, 39, 46, 35
45, 38, 8, 37
8, 47, 22, 4, 33
0, 23, 3, 45
26, 42, 29, 10, 32
31, 36, 11, 33, 16
44, 24, 36, 20, 38
25, 15, 26, 46
25, 14, 6, 15, 28
1, 34, 42, 36, 9
26, 1, 47, 12
37, 30, 38, 44
23, 12, 24, 11
33, 41, 18, 14, 7
7, 27, 48, 27
47, 2, 38, 10, 10
42, 39, 11, 38
16, 24, 15, 27
45, 13, 38, 12
42, 26, 33, 19, 9
38, 19, 32, 19
47, 15, 31, 13, 39
16, 15, 30, 29
34, 49, 36, 35
6, 38, 44, 22
1, 47, 24, 29
34, 49, 37, 38, 19
2, 30, 49, 23
15, 16, 2, 8
10, 19, 43, 31
32, 36, 41, 26, 26
14, 30, 16, 48
48, 33, 25, 1
38, 21, 44, 9
40, 43, 9, 21
48, 27, 8, 20
17, 18, 36, 39, 23
49, 45, 3, 49, 14
29, 24, 31, 16
15, 20, 34, 40, 15
33, 19, 12, 44
11, 39, 45, 14
35, 21, 19, 27, 1
40, 27, 9, 30, 36
43, 42, 19, 24, 40
32, 29, 31, 36
42, 6, 43, 11
42, 47, 44, 33
25, 46, 49, 25, 27
13, 5, 33, 21
6, 46, 34, 0
25, 15, 41, 45, 48
43, 17, 18, 23, 36
41, 35, 15, 2, 46
33, 27, 35, 22
45, 30, 36, 41
14, 0, 19, 11
26, 45, 24, 33, 49
32, 37, 25, 46, 5
8, 10, 31, 23
10, 18, 33, 19, 22
14, 20, 7, 11
7, 30, 34, 19
7, 29, 27, 37, 12
31, 31, 8, 10, 8
13, 30, 6, 41, 35
44, 11, 27, 32, 19
47, 6, 1, 3, 47
43, 18, 47, 5, 11
20, 15, 26, 24
15, 48, 37, 38, 42
35, 4, 9, 1
22, 36, 0, 29
21, 17, 40, 4
13, 33, 16, 1, 39
7, 44, 46, 40
25, 27, 37, 34
2, 8, 39, 11, 39
17, 44, 18, 1, 42
29, 4, 26, 30
37, 35, 15, 35, 24
25, 27, 27, 28
4, 4, 43, 2
26, 32, 25, 9, 37
19, 45, 15, 15, 3
43, 49, 18, 25
11, 17, 4, 36
27, 36, 40, 43, 41
7, 28, 22, 2, 43
29, 30, 27, 38, 26
20, 34, 39, 42
17, 1, 22, 36, 26
8, 11, 14, 20, 5
29, 15, 34, 4
15, 2, 49, 2
45, 12, 49, 10, 24
19, 31, 1, 14, 12
33, 40, 4, 6
8, 27, 21, 1, 39
35, 36, 25, 37, 28
4, 5, 31, 33, 30
3, 32, 7, 5, 18
32, 16, 47, 39, 39
33, 27, 0, 26, 28
1, 1, 13, 31
11, 10, 39, 14
45, 45, 20, 0, 36
6, 11, 27, 34
33, 7, 23, 11, 20
23, 0, 8, 16, 25
24, 2, 25, 12, 4
40, 5, 1, 16
17, 34, 8, 40, 44
20, 47, 32, 8
39, 34, 24, 19, 2
33, 16, 40, 40
48, 23, 10, 0
16, 46, 17, 11, 16
14, 29, 0, 47
47, 29, 21, 2
26, 42, 23, 10
35, 25, 19, 43, 33
39, 33, 7, 21, 18
27, 31, 29, 44, 47
44, 19, 2, 2
18, 8, 5, 16
20, 46, 39, 49, 29
26, 25, 12, 29, 46
38, 5, 21, 29, 41
10, 1, 48, 15, 5
36, 11, 20, 30
20, 12, 49, 3
17, 3, 43, 6, 32
26, 39, 22, 4
28, 30, 26, 47, 21
47, 27, 19, 22
5, 37, 35, 23
48, 35, 46, 20, 7
22, 45, 39, 24
29, 6, 35, 1, 4
18, 22, 31, 20
11, 31, 9, 0, 48
13, 12, 33, 19
28, 38, 1, 13
48, 38, 18, 9
39, 29, 14, 4
41, 40, 18, 17, 48
2, 9, 15, 15, 27
28, 1, 3, 26
24, 8, 39, 10
28, 27, 47, 13, 47
40, 28, 37, 34
49, 33, 4, 18, 4
18, 36, 16, 24
14, 16, 4, 34, 42
15, 38, 37, 43
12, 16, 46, 25, 42
9, 16, 7, 42, 13
25, 35, 11, 37
11, 21, 7, 48, 40
41, 24, 45, 31
12, 40, 43, 34, 48
4, 28, 6, 18
28, 47, 41, 47
39, 1, 12, 42, 38
41, 10, 4, 47
39, 34, 3, 1
1, 12, 25, 36, 5
5, 45, 25, 5
45, 4, 40, 48
7, 12, 47, 32, 26
15, 43, 25, 33, 23
4, 29, 20, 32, 42
33, 4, 28, 33
17, 19, 18, 23, 18
44, 35, 9, 26, 34
32, 47, 15, 37, 11
20, 13, 18, 36
3, 49, 31, 26
15, 18, 24, 18
45, 43, 47, 5, 4
3, 28, 39, 9, 18
40, 15, 39, 12
6, 32, 33, 49, 0
41, 3, 22, 32, 39
47, 43, 43, 11, 21
25, 43, 8, 27, 6
22, 8, 17, 45, 27
26, 48, 26, 46, 45
36, 43, 46, 17
49, 10, 14, 28
18, 27, 48, 2, 11
5, 17, 46, 44
42, 45, 37, 2
46, 49, 35, 45, 12
16, 15, 5, 43, 30
38, 48, 39, 6, 34
18, 36, 16, 2, 21
30, 36, 34, 48
46, 48, 36, 47, 33
15, 37, 12, 44, 4
20, 21, 18, 22
5, 22, 10, 20
15, 46, 5, 48
11, 35, 35, 28, 46
45, 49, 40, 14, 7
11, 31, 28, 47
32, 12, 47, 8
42, 10, 13, 36
5, 49, 32, 6, 31
46, 24, 40, 28, 20
22, 36, 22, 44
23, 2, 7, 44
15, 42, 24, 0
1, 17, 13, 31
27, 1, 5, 6
38, 21, 33, 49
24, 33, 10, 35
25, 20, 6, 39, 24
45, 0, 22, 40, 49
6, 26, 5, 2
36, 29, 34, 36, 44
42, 31, 0, 49, 39
9, 13, 11, 22
47, 12, 27, 8, 2
31, 23, 10, 43
43, 0, 29, 12, 38
32, 24, 47, 14
11, 42, 9, 2, 38
27, 39, 22, 27, 39
49, 32, 27, 39
41, 24, 0, 0
35, 46, 43, 49
29, 49, 24, 42
38, 24, 49, 28
21, 30, 28, 37
21, 28, 39, 39, 48
33, 18, 0, 40
24, 18, 15, 15, 20
15, 44, 28, 15
46, 33, 13, 24
21, 30, 49, 32, 17
27, 35, 27, 21, 0
17, 27, 20, 22, 9
8, 29, 33, 11, 6
40, 13, 28, 21
9, 39, 43, 16, 10
7, 1, 3, 49
34, 23, 2, 3, 7
30, 29, 0, 37, 11
29, 33, 48, 30
6, 2, 9, 37
34, 27, 13, 33, 43
4, 34, 35, 13
38, 18, 31, 27, 48
47, 48, 37, 31
30, 43, 49, 23, 29
7, 12, 8, 32, 44
33, 19, 2, 20, 41
29, 14, 4, 28, 47
2, 31, 26, 47, 37
23, 11, 6, 15
10, 40, 45, 32, 3
38, 25, 15, 10, 37
25, 37, 14, 22, 26
38, 43, 14, 43
22, 36, 17, 25
18, 34, 34, 11, 35
34, 24, 31, 13, 20
45, 38, 28, 12, 49
48, 49, 26, 20, 11
19, 29, 1, 42
19, 4, 26, 4
46, 36, 42, 28
45, 39, 16, 44
39, 45, 49, 1, 26
9, 0, 44, 28, 4
38, 32, 42, 42, 20
7, 36, 36, 27, 13
38, 7, 41, 31, 42
42, 38, 17, 34, 43
45, 25, 46, 7
34, 47, 29, 42, 29
47, 30, 3, 4, 9
4, 11, 35, 17, 3
12, 37, 13, 16
5, 28, 37, 36, 10
3, 33, 29, 45
26, 32, 36, 38
36, 27, 12, 35
26, 5, 18, 27
10, 34, 0, 38, 35
27, 21, 37, 21, 45
0, 14, 5, 44, 2
49, 11, 44, 43, 17
14, 46, 12, 16, 6
26, 22, 41, 0
9, 12, 17, 34
35, 11, 8, 31, 46
19, 49, 19, 9, 46
5, 9, 30, 49, 17
29, 9, 37, 24
30, 7, 8, 10, 16
6, 12, 45, 30, 19
22, 48, 16, 43, 22
42, 48, 43, 12, 25
4, 37, 3, 33, 39
20, 34, 14, 26
14, 35, 40, 0
44, 11, 19, 41, 40
20, 2, 39, 27, 33
19, 23, 34, 35
43, 31, 49, 42
17, 46, 4, 37, 1
33, 3, 36, 31
44, 8, 3, 35, 38
37, 3, 25, 45
17, 27, 2, 16
46, 43, 47, 10
27, 15, 6, 37
8, 3, 34, 47
18, 15, 37, 37, 26
42, 33, 33, 34
2, 36, 7, 11, 32
15, 0, 12, 7
16, 1, 26, 29
41, 7, 49, 41
34, 7, 40, 17, 20
21, 22, 48, 11, 32
41, 5, 42, 22, 30
20, 39, 35, 34
35, 7, 3, 25
35, 13, 12, 20, 26
40, 38, 29, 39, 16
45, 5, 27, 32, 33
49, 35, 3, 29
37, 49, 25, 9
32, 46, 24, 25
46, 49, 42, 10
23, 18, 45, 39, 37
11, 48, 1, 39, 31
18, 41, 22, 5, 44
22, 48, 34, 27
13, 3, 12, 15
17, 26, 40, 5, 7
49, 40, 20, 48, 33
19, 29, 34, 33, 23
28, 29, 22, 18, 18
40, 37, 10, 14, 29
49, 11, 30, 16, 30
40, 26, 39, 45, 22
10, 17, 31, 4
41, 17, 14, 9, 17
14, 28, 41, 33
3, 12, 14, 42
36, 39, 15, 6
2, 7, 19, 12, 13
13, 47, 13, 1, 1
28, 2, 13, 15
30, 28, 14, 1
41, 26, 39, 13
42, 36, 4, 5
42, 17, 29, 18, 42
8, 11, 15, 42, 22
22, 36, 1, 20
42, 12, 44, 34, 46
2, 10, 15, 21
9, 16, 28, 48, 45
22, 13, 48, 43, 13
48, 28, 28, 4, 25
34, 24, 21, 45
34, 43, 48, 25
3, 8, 1, 27, 9
5, 27, 46, 28
26, 30, 42, 48, 34
28, 7, 5, 41, 37
49, 21, 5, 4
31, 20, 39, 36, 39
13, 37, 42, 16, 0
32, 32, 41, 46
0, 37, 27, 9
47, 44, 32, 8
15, 25, 42, 26, 27
17, 8, 31, 17, 23
7, 34, 13, 0, 10
13, 28, 45, 26
14, 1, 9, 37
47, 21, 42, 18
13, 49, 30, 8
47, 7, 11, 35
48, 3, 38, 25, 28
38, 21, 7, 45
8, 19, 0, 41
48, 23, 22, 16
47, 47, 49, 37
29, 0, 41, 33, 31
43, 39, 30, 8
33, 39, 24, 36
48, 5, 33, 48
9, 41, 49, 40
0, 44, 1, 23, 39
42, 11, 3, 38
13, 45, 30, 6, 19
45, 42, 49, 21
17, 17, 8, 40, 12
0, 46, 23, 35, 12
28, 7, 46, 38
27, 24, 4, 4, 23
40, 12, 7, 33
47, 1, 7, 6
27, 47, 34, 28, 28
24, 19, 19, 18
19, 17, 7, 2
5, 17, 42, 21, 43
22, 39, 31, 45, 40
39, 45, 1, 38
28, 46, 19, 40, 5
33, 26, 24, 23
1, 27, 22, 45, 2
21, 23, 9, 41
21, 19, 39, 25, 1
15, 32, 33, 34
10, 42, 42, 9, 42
29, 35, 40, 23, 36
23, 27, 7, 34, 26
18, 2, 16, 14
18, 29, 23, 13
18, 31, 33, 34, 49
5, 48, 24, 27
29, 13, 8, 11, 47
8, 22, 33, 16, 47
28, 32, 0, 21, 46
34, 23, 5, 3, 0
11, 20, 23, 13
29, 4, 41, 20, 40
4, 37, 27, 5
34, 41, 35, 0, 9
10, 27, 40, 14, 43
26, 0, 30, 1
14, 43, 24, 27
40, 38, 26, 15, 42
14, 27, 0, 11, 5
16, 16, 44, 17
36, 16, 12, 16
6, 6, 18, 38
40, 49, 1, 7, 6
23, 40, 35, 43
38, 20, 45, 7
42, 34, 49, 9, 43
0, 25, 11, 47, 14
21, 37, 17, 26, 16
19, 37, 28, 8
2, 16, 18, 12, 37
4, 19, 33, 16, 32
26, 36, 27, 16, 3
20, 40, 44, 25
41, 45, 41, 33
44, 17, 39, 15, 27
24, 32, 29, 8
19, 16, 0, 24, 43
29, 23, 38, 12, 40
42, 4, 3, 27, 2
4, 24, 41, 47
28, 36, 42, 6, 45
16, 7, 3, 37, 48
44, 43, 5, 36
40, 7, 18, 30, 3
34, 37, 23, 10
24, 37, 27, 11, 48
11, 28, 8, 40, 34
37, 20, 15, 11
42, 21, 14, 27
44, 3, 34, 2, 5
29, 47, 34, 38, 21
8, 16, 6, 10, 2
32, 24, 5, 5
29, 2, 32, 21
16, 16, 29, 20, 16
45, 30, 41, 30
7, 18, 28, 9, 12
28, 45, 7, 38
25, 12, 7, 30, 19
44, 8, 12, 13, 36
44, 9, 44, 2
5, 32, 46, 44
17, 25, 29, 30
47, 33, 43, 47, 33
22, 2, 42, 37
24, 41, 30, 35, 6
17, 1, 47, 22, 15
45, 15, 28, 43
10, 44, 34, 43
27, 0, 35, 19, 44
23, 18, 3, 22
44, 30, 17, 28
48, 12, 12, 9, 13
29, 10, 41, 45, 6
17, 44, 34, 40
9, 4, 16, 22, 6
42, 39, 17, 21
49, 49, 44, 24
35, 45, 28, 4
22, 12, 44, 19, 24
45, 31, 34, 25
13, 35, 40, 42
17, 31, 9, 41
10, 14, 27, 29, 44
47, 21, 8, 32, 14
26, 42, 30, 30, 33
6, 3, 37, 46, 27
12, 14, 35, 3, 30
40, 11, 14, 6
13, 0, 44, 42, 41
12, 17, 15, 14
3, 2, 10, 8, 25
17, 25, 30, 48
31, 4, 31, 11
22, 11, 8, 12, 7
32, 7, 32, 16
6, 6, 47, 8, 18
48, 37, 6, 25, 41
0, 7, 0, 8
29, 20, 33, 48
11, 3, 29, 12
32, 17, 41, 2
23, 48, 44, 46
8, 6, 39, 38, 0
11, 46, 11, 34
6, 42, 43, 49, 38
37, 49, 26, 8, 41
4, 4, 35, 10, 10
46, 27, 35, 27
32, 32, 28, 30
34, 13, 45, 39, 27
9, 11, 22, 33
18, 25, 33, 16
35, 39, 1, 21, 1
22, 11, 46, 30
24, 7, 40, 1
47, 14, 34, 14
16, 28, 24, 17
49, 0, 49, 42
6, 31, 12, 37
21, 43, 13, 21, 45
37, 47, 42, 37
1, 14, 21, 11, 10
7, 48, 45, 14
47, 44, 9, 16
7, 14, 37, 25
37, 32, 17, 6, 27
46, 38, 48, 46
9, 14, 8, 10
9, 4, 25, 26, 7
47, 2, 27, 43
36, 8, 47, 5, 44
31, 37, 16, 48, 48
36, 7, 22, 12, 47
36, 46, 21, 7, 26
32, 23, 23, 36
10, 18, 24, 18
20, 13, 6, 21
14, 18, 48, 37
41, 33, 21, 6, 8
40, 25, 44, 31, 29
20, 40, 30, 11, 49
9, 11, 41, 9
30, 10, 39, 14
34, 10, 46, 23
7, 2, 33, 18
4, 37, 45, 36
8, 39, 23, 13, 5
36, 12, 41, 14, 28
3, 8, 40, 44
25, 9, 17, 21, 31
41, 38, 30, 1, 1
19, 38, 25, 38, 44
39, 44, 36, 17, 16
24, 45, 38, 19, 47
10, 44, 21, 4, 45
31, 6, 5, 8
21, 35, 38, 47, 42
16, 44, 19, 28
28, 1, 6, 7
47, 19, 3, 11
34, 2, 45, 22, 9
21, 39, 48, 27, 10
8, 49, 37, 7
44, 33, 14, 14
33, 18, 6, 42
47, 43, 9, 18
48, 4, 11, 22, 14
4, 30, 37, 25
32, 14, 13, 17, 27
4, 9, 44, 17
9, 14, 44, 46, 33
36, 15, 8, 17, 29
34, 22, 43, 11, 42
31, 21, 27, 47
41, 8, 16, 8
31, 35, 32, 46, 44
16, 25, 16, 0, 37
5, 31, 1, 5
35, 10, 13, 9
13, 25, 42, 0, 24
42, 48, 17, 3
40, 47, 23, 49, 36
15, 36, 2, 14, 2
20, 8, 29, 23
42, 3, 16, 6, 6
11, 18, 37, 3
39, 48, 43, 37
19, 44, 38, 1
31, 48, 15, 6
20, 21, 20, 0
20, 37, 4, 4
26, 19, 45, 8, 20
17, 43, 23, 1, 25
4, 30, 13, 1, 16
8, 44, 44, 4, 3
41, 28, 6, 3, 10
35, 42, 44, 16, 41
22, 43, 10, 17
30, 24, 22, 3, 8
25, 12, 13, 47, 6
17, 8, 33, 9, 29
34, 15, 27, 29, 26
42, 39, 39, 27, 43
47, 33, 22, 40, 36
14, 32, 27, 48, 30
33, 14, 45, 43
14, 38, 2, 38, 11
19, 39, 29, 46
11, 22, 4, 13, 14
47, 21, 4, 7
22, 21, 30, 45
2, 9, 24, 48
7, 39, 28, 32, 49
38, 41, 5, 41
31, 4, 49, 7
35, 20, 16, 3
28, 44, 34, 1, 26
39, 7, 13, 2, 49
33, 10, 42, 34
48, 23, 10, 31
46, 23, 34, 16, 39
21, 12, 4, 5
37, 32, 10, 27
13, 30, 19, 27
49, 49, 40, 37
5, 24, 30, 41, 27
40, 10, 32, 1, 33
8, 15, 27, 10, 25
45, 16, 27, 48
21, 1, 15, 32
40, 5, 23, 8, 37
2, 8, 32, 26, 6
47, 46, 16, 33
29, 13, 22, 46
12, 3, 24, 4
34, 12, 39, 16, 9
47, 42, 8, 20
36, 33, 11, 35
44, 18, 11, 2
37, 37, 43, 19, 43
2, 8, 25, 21, 20
8, 28, 37, 41, 22
13, 38, 21, 30, 47
4, 16, 35, 6
25, 15, 49, 30
16, 27, 48, 18, 3
15, 6, 23, 30
12, 3, 7, 6
14, 20, 10, 13, 32
37, 11, 18, 5, 40
26, 2, 2, 7, 46
5, 10, 39, 18
12, 16, 1, 10
3, 5, 49, 49, 4
20, 31, 3, 46, 1
10, 20, 18, 27
21, 17, 31, 25
44, 44, 49, 4, 42
7, 11, 12, 18, 42
17, 37, 10, 44, 16
47, 14, 18, 34
7, 22, 16, 32
10, 7, 12, 49, 46
25, 0, 28, 15
23, 2, 38, 41, 45
8, 24, 48, 44
44, 33, 0, 49, 2
1, 45, 48, 33
8, 12, 33, 22
47, 15, 16, 23, 35
2, 27, 5, 0, 14
29, 41, 24, 25
17, 27, 25, 3, 33
25, 19, 30, 29
19, 44, 14, 29
16, 24, 26, 27
8, 46, 0, 38
36, 0, 13, 30
4, 28, 21, 6
31, 7, 25, 49, 46
3, 31, 39, 19, 4
16, 7, 19, 22, 36
0, 32, 25, 10, 26
41, 6, 10, 44, 39
31, 3, 30, 39, 31
14, 12, 24, 12, 39
12, 35, 26, 1
36, 42, 10, 9, 40
15, 44, 44, 2, 45
45, 31, 16, 20
34, 39, 40, 42, 7
42, 10, 9, 24
32, 44, 7, 5
23, 24, 23, 13
17, 34, 9, 5, 37
20, 30, 15, 34, 21
6, 13, 49, 33, 7
45, 23, 40, 11
41, 26, 22, 35, 15
44, 19, 39, 28
31, 16, 19, 48
18, 25, 6, 27
21, 23, 7, 5, 28
13, 5, 41, 36, 43
33, 33, 44, 28, 43
19, 17, 37, 10
42, 21, 20, 2
10, 8, 45, 44
35, 1, 46, 36, 31
12, 9, 25, 28, 12
3, 39, 15, 12, 32
12, 43, 13, 37
35, 42, 23, 1, 38
17, 34, 1, 44
38, 0, 30, 4
34, 7, 13, 40
0, 0, 15, 5, 9
47, 11, 33, 35, 46
15, 29, 30, 29
1, 9, 11, 8
26, 37, 45, 35, 25
4, 37, 10, 10, 6
8, 19, 11, 0
19, 14, 6, 4, 27
32, 44, 29, 14, 16
33, 44, 10, 3, 47
41, 34, 23, 18
33, 47, 45, 49
47, 48, 15, 40, 8
23, 29, 0, 29, 18
18, 15, 22, 37, 29
27, 16, 40, 30
24, 8, 22, 1, 22
36, 33, 4, 16
22, 3, 6, 11
47, 22, 40, 44, 33
24, 6, 31, 43
36, 31, 20, 39
29, 38, 14, 12, 45
49, 47, 8, 2, 11
23, 33, 5, 7, 27
19, 30, 49, 3, 33
23, 27, 10, 45, 20
25, 25, 9, 32, 49
45, 36, 14, 15
5, 31, 2, 28, 37
44, 19, 42, 1
29, 16, 30, 35, 9
2, 48, 29, 39
14, 20, 25, 49, 30
5, 4, 22, 25
20, 31, 32, 38, 43
38, 0, 32, 1, 1
47, 15, 8, 5
41, 12, 18, 26, 29
18, 32, 37, 29, 28
31, 8, 42, 1, 43
47, 17, 33, 26
43, 30, 25, 49, 16
31, 42, 4, 28
28, 49, 8, 28, 27
0, 42, 23, 34
36, 18, 24, 24, 29
25, 9, 26, 35, 19
39, 9, 3, 36
11, 42, 35, 34
30, 5, 39, 4, 11
40, 25, 32, 16, 33
28, 46, 49, 17
1, 24, 15, 2
25, 37, 48, 44, 44
32, 44, 34, 39, 36
31, 0, 24, 34, 24
19, 0, 16, 21
42, 26, 48, 6
35, 42, 39, 0, 0
29, 27, 46, 3, 30
31, 31, 49, 39, 10
27, 16, 38, 2, 21
29, 9, 41, 19
37, 26, 5, 14, 12
34, 17, 46, 37, 37
19, 2, 29, 6, 4
7, 38, 16, 44, 30
48, 45, 13, 11, 37
26, 5, 18, 26
48, 6, 42, 31, 37
7, 4, 48, 28, 41
49, 43, 2, 40, 46
43, 48, 14, 37
36, 47, 44, 32
6, 5, 6, 33
27, 47, 40, 33
7, 16, 28, 32
45, 23, 27, 46
37, 14, 25, 40
34, 3, 0, 39
46, 35, 9, 22
12, 37, 10, 14
44, 16, 27, 12, 39
42, 15, 25, 21
31, 23, 36, 36, 14
47, 2, 41, 48, 26
20, 10, 33, 32
0, 30, 46, 49
21, 12, 30, 32
22, 49, 39, 9
21, 6, 42, 2
13, 25, 25, 1
43, 35, 9, 25, 10
28, 40, 49, 7
11, 41, 7, 35
47, 29, 48, 10
38, 22, 14, 7
4, 32, 1, 45, 6
13, 12, 49, 12, 46
10, 17, 41, 41, 28
48, 10, 32, 27
48, 3, 32, 40, 35
46, 0, 40, 0
5, 26, 41, 44, 39
45, 23, 30, 9
49, 13, 17, 2
40, 5, 31, 6
4, 42, 35, 44, 21
12, 3, 45, 27
1, 2, 45, 39, 27
28, 40, 41, 22
37, 16, 46, 18
36, 45, 12, 37, 33
37, 0, 29, 18, 13
10, 2, 4, 32
17, 12, 32, 39
33, 43, 29, 33, 6
0, 16, 5, 0
41, 24, 28, 48, 20
15, 35, 4, 16, 41
24, 31, 11, 25
21, 40, 13, 30
31, 33, 0, 3
17, 13, 13, 45
41, 21, 29, 41, 34
43, 41, 41, 38, 47
30, 3, 29, 29
29, 16, 6, 15
32, 45, 14, 35
10, 44, 1, 48, 31
23, 24, 26, 20
21, 1, 15, 43
9, 49, 7, 25
21, 47, 7, 26
9, 13, 16, 22, 28
46, 25, 43, 14
19, 15, 40, 7, 1
47, 12, 6, 38
27, 3, 0, 33
41, 38, 20, 48, 49
48, 25, 25, 29, 41
46, 5, 7, 9
38, 35, 46, 16, 3
43, 18, 8, 17
13, 37, 16, 11
9, 6, 22, 46
41, 32, 38, 12, 14
6, 16, 11, 4, 47
10, 43, 45, 36, 31
32, 29, 29, 45, 20
8, 19, 26, 40, 34
4, 6, 22, 0
14, 20, 16, 36
41, 38, 22, 26, 16
31, 34, 14, 19, 9
27, 28, 31, 41, 34
33, 40, 29, 10, 9
17, 38, 46, 22, 35
18, 30, 34, 33
46, 40, 20, 33
2, 4, 36, 48
13, 22, 24, 19
23, 40, 30, 4
15, 15, 21, 49, 34
1, 17, 45, 11, 12
37, 13, 4, 2
15, 22, 27, 8
14, 24, 29, 12
1, 18, 6, 35, 8
5, 42, 42, 35
45, 45, 31, 28, 25
9, 20, 10, 7, 31
18, 41, 36, 5
2, 44, 4, 29
15, 23, 1, 4
34, 3, 41, 43
41, 42, 33, 4
29, 4, 10, 0
41, 15, 4, 30
49, 35, 28, 48, 38
23, 35, 11, 40, 19
35, 2, 3, 27, 32
8, 5, 14, 36, 12
0, 18, 11, 44, 23
26, 15, 26, 10, 15
3, 8, 37, 25
4, 22, 6, 44
29, 47, 34, 19
2, 35, 42, 14, 21
19, 1, 19, 11, 24
42, 37, 44, 37
41, 15, 36, 27
2, 7, 38, 28
10, 2, 27, 43
4, 41, 41, 21
49, 14, 49, 46, 22
22, 32, 0, 15
36, 25, 3, 33, 45
47, 43, 28, 45, 44
41, 6, 27, 38, 24
48, 49, 26, 17, 8
16, 27, 37, 2, 30
17, 11, 10, 3
27, 0, 11, 17, 6
7, 19, 39, 25
28, 48, 43, 17
26, 37, 44, 20, 44
14, 41, 37, 14
43, 45, 19, 2, 28
39, 11, 12, 6
31, 37, 15, 16
44, 19, 26, 5
1, 49, 44, 42
6, 33, 2, 29, 28
38, 36, 28, 36
8, 33, 33, 11, 0
28, 28, 22, 24, 25
3, 21, 36, 26, 27
27, 2, 42, 32
36, 16, 19, 36, 30
11, 19, 6, 32
14, 35, 47, 0, 39
44, 47, 22, 31, 26
27, 48, 9, 1
12, 18, 21, 18
44, 34, 29, 8, 34
1, 3, 22, 13
2, 18, 38, 22, 2
35, 44, 5, 1, 39
14, 6, 34, 17, 38
0, 23, 34, 49, 14
12, 42, 25, 20
21, 2, 15, 7, 22
46, 2, 26, 26
41, 20, 49, 12
38, 32, 41, 33, 17
44, 8, 35, 26
5, 0, 18, 17
15, 42, 4, 25, 40
17, 8, 12, 48, 7
15, 36, 39, 5, 22
41, 15, 46, 11, 32
23, 35, 48, 47
26, 43, 21, 28
35, 40, 8, 2, 39
44, 28, 33, 34
13, 18, 38, 22
48, 2, 38, 24
38, 28, 39, 38
31, 33, 41, 16, 46
49, 26, 15, 34
8, 7, 5, 19
11, 35, 6, 48, 41
32, 3, 8, 5
20, 2, 17, 29
42, 9, 30, 15, 47
35, 41, 28, 43
0, 2, 1, 29
20, 13, 8, 24, 34
22, 30, 16, 0, 34
15, 8, 32, 18
46, 36, 48, 9, 20
22, 42, 5, 23
5, 46, 9, 17, 12
19, 38, 18, 7, 11
48, 41, 42, 32, 13
4, 21, 21, 22
27, 32, 17, 46, 16
0, 44, 37, 22
23, 6, 5, 24
43, 40, 1, 31, 43
35, 27, 4, 22, 38
40, 45, 48, 11, 9
40, 26, 43, 27, 29
23, 10, 0, 2
30, 13, 0, 22
45, 19, 4, 27
20, 44, 1, 40
42, 34, 21, 27
17, 32, 4, 41, 40
48, 26, 49, 31
17, 7, 25, 26
8, 20, 49, 32
16, 17, 7, 28
28, 41, 42, 32
32, 44, 36, 40, 22
49, 38, 45, 11
27, 10, 0, 5, 34
6, 18, 25, 25
49, 26, 7, 39, 32
19, 2, 0, 14
38, 16, 2, 19, 16
45, 28, 11, 28
44, 6, 11, 8, 31
14, 32, 45, 36
40, 15, 48, 22
33, 32, 44, 34, 37
33, 46, 13, 11
16, 3, 2, 9
40, 47, 49, 10, 14
46, 1, 45, 33
35, 15, 36, 23
19, 1, 5, 3, 15
34, 8, 17, 33
5, 17, 49, 19
11, 1, 10, 41, 8
32, 13, 15, 6
43, 28, 4, 16, 48
14, 34, 23, 40, 13
7, 36, 36, 19, 46
40, 11, 35, 4, 13
38, 13, 22, 40
1, 35, 14, 4, 5
41, 39, 16, 5, 23
23, 32, 30, 36, 1
40, 13, 37, 43, 46
13, 20, 1, 23
38, 30, 3, 24
4, 7, 44, 5
24, 15, 41, 15, 29
7, 11, 29, 16
19, 3, 44, 38
16, 6, 7, 36
17, 25, 13, 12
30, 26, 43, 39
42, 2, 18, 47
31, 36, 17, 4
25, 38, 22, 16, 37
46, 15, 0, 15
27, 13, 44, 0, 36
16, 34, 39, 19, 44
22, 23, 41, 15
42, 28, 32, 23
42, 34, 45, 13, 41
2, 17, 48, 19, 9
32, 19, 3, 37
32, 14, 1, 39
35, 10, 25, 34
35, 47, 46, 46, 1
4, 32, 16, 14
8, 22, 9, 43
5, 18, 34, 34
19, 3, 11, 29
47, 48, 30, 14
26, 23, 9, 38, 15
45, 9, 35, 49
24, 48, 9, 32, 21
30, 8, 20, 17, 46
23, 49, 37, 23
28, 20, 42, 12, 19
43, 21, 9, 7
28, 43, 5, 4
28, 19, 47, 35
3
43, 10, 19
6
42, 26, 33
13, 39
46
24, 33
20, 19
43
29, 4, 49
6, 23
39, 10, 48
47, 42
6, 23, 46
31
26, 39, 33
44, 24
38, 48, 46
22
30, 42
48
2, 10
34, 3
34, 22, 40
49, 36
15, 46
37, 16, 36
12
48, 41
14
20, 19, 15
27
3, 34
0, 47, 29
6
1, 16
9
7
12, 7
16
30, 7, 18
37
47, 31
31, 39
35, 46, 45
20, 21, 20
20, 21
5, 4, 17
32, 40
14
30, 19
4, 13, 35
7, 6, 34
23, 33
7, 25, 21
19, 11
45, 47
42, 22, 36
37, 16, 27
27
7, 43
14, 14, 32
17, 26
7, 21
32
0
3, 17
0
28, 22, 36
16, 6, 25
14
32
16
12, 39, 4
48
10, 43
17, 14, 41
4
8
23, 17, 46
7
29
19, 48, 31
7, 13, 9
43
9, 19
24
44, 25
26, 37, 10
45
35
0, 18
30, 17
47
40, 36, 11
20, 18
36, 3
46
42
3, 9
15
16, 47
0, 11, 36
30, 32, 45
38
16
0
42, 33, 20
32
37
9
47, 27, 25
29, 18
9, 28
32, 46
19
3, 21, 43
32
38, 44, 13
19, 49
7, 26, 31
34, 5, 12
9, 3, 22
23, 5, 9
5, 8, 49
25, 34
43, 3, 36
17, 18
6, 5
34, 18
41
40, 49, 24
49, 32, 44
15
7
49
34
46
38, 42
28, 41, 4
5
8
6, 38
20
33, 49, 23
26
17
27
41, 41
23, 40, 48
18, 33, 30
48, 8
37
7, 22, 18
7
9, 13
5, 22
17, 2, 2
35
25, 26, 11
21, 44, 22
17, 46
32
34
9, 26, 5
7
23, 35
14, 34, 19
33, 10, 45
48
38, 29
19
0
17, 18
1, 11, 3
46, 14, 13
36, 33
26, 14
22
21
4
33
41, 47
2, 45, 0
5, 4
27, 48, 39
47
46, 5, 37
1
4
46, 21
42, 13
12
1, 41
6, 38
46, 34, 42
21, 17
25, 40, 29
45, 46, 10
11, 39
6, 38, 22
12
1, 48, 33
14
12, 16, 25
35, 24
28
1, 46
2
3, 10, 38
40, 12
35
19, 11, 34
37, 29, 39
44, 11, 0
28, 39, 49
43
26, 6
16
28
17, 1, 30
42, 48, 31
43, 2, 42
20, 44
17
24, 0
7, 38, 32
17, 3
3, 34
40
3
30
40, 25
25
42, 34
28
36, 23, 18
12, 42
46
14, 41, 34
2
24
11, 30, 46
21, 12, 3
12, 3, 8
2, 18
33, 4, 5
41, 38, 27
21
31, 5, 19
11, 30, 33
0, 17
47, 49
19, 47
43, 44, 16
37, 26
31, 27, 23
9, 34, 41
31, 29, 27
19, 0, 26
7, 33, 2
0, 23
37
40, 30, 47
11, 35, 41
35, 13
43, 22
37
28, 29
45, 10, 43
1, 6, 38
21, 39
23
12, 49
23
45
14, 22, 6
23, 21
3, 48, 45
16
39, 28
34, 15, 6
7
47, 40, 41
12, 3, 23
15, 22, 14
32, 11, 41
15, 44, 39
27
46, 49
29
19
49
3, 41, 15
28, 35
33
15, 44, 23
24
25
47, 13, 43
36, 42
15, 27, 37
7, 39
28, 46, 33
8
34, 24, 43
47
39, 47, 42
6, 13, 39
45, 1, 10
7
45, 46
1, 19
23, 44, 33
0, 26
18, 19
42, 22, 41
14
25, 30
43, 45, 27
20, 25, 37
19
36, 11
27, 0, 21
33, 20
2, 46
37, 22
43
11
4, 25, 30
23
8
29, 7
2, 6
47, 14
11, 22, 41
41
11
17, 20
39, 42
47, 8, 46
22, 46
5, 44, 32
20
10, 16
12, 9
40
42
24
25, 19, 8
39
45, 6, 49
39, 12, 29
0
8, 23, 46
31, 22
40, 22
14
27
7, 25
22, 42
6, 41
39, 22, 28
13
40, 12, 30
6, 30, 46
17
25, 28
17
35
4
31, 23
15, 40
45
30
38, 0
45, 44
11, 7, 3
17, 16
23, 13
33, 33, 12
28
38, 14, 4
21, 41, 32
5, 44
21, 32
47, 15, 16
49
12, 23
12, 6, 37
1
8, 36
32
21, 42, 13
11, 9
25, 24
38, 47
8
10, 33
16